0 4.379298881e-16 -3.220470801e-17 8.070787141e-16 -9.4528869e-16 -4.619433515e-17 -5.048477138e-16 -1.334625917e-15 1.858153481e-15 -1.868986162e-15 7.569932597e-16 2.269831097e-15 -8.314339268e-16 -6.011840986e-16 9.352641706e-16 7.844798671e-16 -3.868477811e-16 -6.501013333e-16 -1.121853106e-15 -1.907152609e-16 7.05345201e-17 -2.079058433e-15 
-1.70991042 2.478785402 0.5946711999 -1.892515301 -1.047861502 2.270547634 0.7236129442 -1.92276136 -1.070404013 2.182147577 0.852924454 -1.903202706 -1.146404054 2.107410094 0.9761589911 -1.862787477 -1.237418953 2.033386575 1.094261089 -1.809362765 -1.333150265 0 
0 6.318928852e-16 0 -1.271105454e-15 9.092235347e-16 -7.842480149e-15 3.393609281e-15 -5.376526114e-15 7.598099489e-15 -2.215739417e-14 0 -5.763827812e-15 -1.987646361e-14 1.32574161e-14 -2.859124078e-14 2.353836036e-14 -1.584717556e-14 8.743426336e-16 4.562388046e-15 -1.101058001e-14 7.467125273e-15 0 
-2.042319388 -9.014509565 23.70476012 9.601458848 -37.16230602 -41.63964928 94.60655906 38.22423543 -110.9603301 -103.0792253 208.1009977 93.76798321 -219.9270744 -200.1040351 359.3875686 183.5522315 -359.5266383 -339.1977748 543.0032936 314.2586681 0 0 
-2.192992145e-16 0 1.61915425e-14 9.283321396e-15 -1.974202391e-14 0 1.210184199e-13 -9.687807506e-14 1.982268071e-13 -3.521686767e-13 1.51426971e-13 3.0650903e-13 -2.025731232e-12 3.251332489e-12 -3.655017793e-12 0 4.206403996e-12 -8.232745905e-12 4.10860358e-12 2.000399709e-12 0 0 
13.8668234 -44.59005117 -96.72479292 284.4963229 321.3065367 -864.5080632 -1062.325952 2477.71383 1968.170971 -4573.523279 -4837.724316 9722.911602 7210.936519 -14490.73421 -14959.61747 26363.31247 19958.66002 -34808.98909 -36949.78278 0 0 0 
0 1.551115595e-14 5.389204143e-14 1.724311921e-13 -7.38130914e-13 1.475988294e-12 0 4.719064208e-12 -8.578338465e-12 6.45899095e-12 1.295072177e-11 -4.010205815e-11 4.444984477e-11 -9.726073532e-11 1.606763164e-10 -6.792050173e-11 -6.2724102e-11 1.047488109e-10 1.511222241e-10 0 0 0 
-14.47664861 375.2116465 -963.9732486 -1237.914169 3404.895516 10203.07894 -21803.03855 -23351.64931 51909.97839 87426.34905 -166484.5108 -166558.4714 317818.9088 437024.1362 -744762.786 -746507.1466 1242574.59 1592722.676 0 0 0 0 
-1.814385294e-14 -7.709452963e-14 2.711497563e-14 -2.216996852e-12 9.579275466e-12 -9.620886913e-12 1.772011097e-11 -1.174452951e-11 -3.171429938e-12 9.746992468e-11 -4.89764521e-11 -4.053952844e-10 1.200108849e-09 -2.772437558e-10 -4.645612315e-09 1.035566425e-08 -9.606642914e-09 1.213275757e-09 0 0 0 0 
-163.8791111 -106.8010578 7708.328116 -17428.28287 -25307.77726 48223.64306 266773.9126 -499904.7902 -581025.4053 1052310.616 3079849.661 -5145854.516 -5527874.969 8993039.476 20297867.72 -30612452.12 -32556060.35 0 0 0 0 0 
-3.862850559e-14 0 -4.615475965e-12 1.433673444e-12 -9.825272345e-12 -6.746504922e-11 6.637287218e-10 -1.923509074e-09 2.39360144e-09 4.323395542e-09 -2.038536203e-08 5.053832295e-08 -5.498649127e-08 7.151983815e-09 1.546324821e-07 -3.55136925e-07 3.265431782e-07 0 0 0 0 0 
758.9433016 -9345.354769 9712.726887 132287.043 -230907.58 -801461.8942 1126830.381 5828189.351 -9320088.448 -18524074.65 25931858.4 87835550.39 -127897991.1 -205934426.9 269908049.3 742756689.2 0 0 0 0 0 0 
0 -2.057960139e-12 9.917165522e-12 1.789106803e-10 -3.661744052e-10 2.058296555e-09 -4.877132008e-09 1.068572501e-08 -5.554522124e-09 -2.399264464e-08 1.443827254e-07 -1.912675469e-07 5.951868357e-08 -6.566244701e-07 2.554085568e-06 -2.649885608e-06 0 0 0 0 0 0 
173.1952998 38025.3714 -327311.7159 460347.0104 2079322.13 -1342219.623 -25801688.03 33335984.95 113619087 -126355232.2 -631853854 763683346.4 2165240006 -2443275868 -7974413238 0 0 0 0 0 0 0 
5.096130221e-13 0 2.358730258e-10 -1.443084176e-09 9.303248773e-09 -1.015553467e-08 -3.004420558e-08 -2.925565991e-08 5.489034251e-07 -1.441479736e-06 2.631493107e-07 3.293968297e-06 -5.003409794e-06 3.003074916e-06 -2.282913985e-05 0 0 0 0 0 0 0 
-13407.03842 77553.75387 1052599.723 -8548186.669 10835070.7 40131221.65 27074014.56 -708569104 833704400.9 2342783355 -975630612.1 -1.941523845e+10 2.104732737e+10 5.263383936e+10 0 0 0 0 0 0 0 0 
-6.188352178e-12 2.221263412e-10 -2.292355287e-09 5.857391067e-09 2.053305732e-08 -8.926819723e-08 2.379874394e-07 -8.609943263e-08 -2.421560293e-06 1.195579186e-05 -2.591835034e-05 3.905962552e-05 -7.790853242e-05 7.361155516e-05 0 0 0 0 0 0 0 0 
44363.26339 -1188933.575 5910185.929 18320460.13 -174909449.5 99192582.11 1199808039 784461250.4 -1.616616329e+10 1.389491501e+10 6.250071604e+10 -3611025837 -5.082393568e+11 0 0 0 0 0 0 0 0 0 
8.193608036e-11 -1.137642961e-09 6.017649074e-09 -1.418611103e-08 -1.430343115e-07 1.694137265e-06 -7.768715959e-07 -6.284763416e-06 -1.32642999e-05 9.240527405e-05 -8.99282308e-06 -0.0003369804522 0.0003789381353 0 0 0 0 0 0 0 0 0 
75401.40305 2925938.304 -57147995.83 261121387 166639430.8 -2888568360 -3573809467 4.11900667e+10 1786179512 -3.124329646e+11 3.95010467e+10 2.003571624e+12 0 0 0 0 0 0 0 0 0 0 
-3.213945734e-10 -3.351845565e-09 6.039650964e-08 -3.544456064e-07 0 9.201582809e-06 -1.296666387e-05 -9.519567422e-05 0.0004694889715 -0.001527205261 0.003010106501 0.001147798799 0 0 0 0 0 0 0 0 0 0 
-1068435 15097407.5 77477782.86 -1903146782 8104226446 921450185.5 -4.533044488e+10 -2.105565491e+11 1.242327667e+12 -3.033010074e+11 -5.521013246e+12 0 0 0 0 0 0 0 0 0 0 0 
-8.123895091e-10 7.242156646e-08 -3.3412735e-07 1.322595722e-06 -1.015519726e-06 -4.522387776e-06 -5.506068808e-05 -0.0002926170019 -0.0003401365854 0.01096597089 -0.07388511167 0 0 0 0 0 0 0 0 0 0 0 
2604341.385 -125734945.2 1249450463 -308680803 -4.734729725e+10 1.833225053e+11 1.459690958e+11 -1.095258692e+12 -6.257656811e+12 2.860262926e+13 0 0 0 0 0 0 0 0 0 0 0 0 
1.54573842e-08 -1.025325444e-08 -9.821930064e-08 1.152797903e-05 -1.892845308e-05 2.934136646e-05 -0.0008674004043 0.002054394628 -0.00807101723 0.02991382245 0 0 0 0 0 0 0 0 0 0 0 0 
9808415.903 172817164.6 -7503311205 6.501692793e+10 -1.122525759e+11 -9.149581551e+11 1.988842121e+12 1.991146005e+13 -6.003213878e+13 0 0 0 0 0 0 0 0 0 0 0 0 0 
-4.831743829e-08 -1.54666497e-06 1.71515598e-05 -2.917231169e-06 -0.0004229681357 -0.00144852231 0.01150545135 -0.07907923241 0.3782911638 0 0 0 0 0 0 0 0 0 0 0 0 0 
-85320286.59 2067235865 -456765009.8 -2.913748852e+11 2.135555805e+12 -5.066538308e+12 -9.594110105e+12 2.733287267e+13 0 0 0 0 0 0 0 0 0 0 0 0 0 0 
-7.409145913e-07 1.032841258e-05 3.256330468e-05 0.0005172605694 -0.001973953528 -0.00177968167 -0.003742920152 0.6066851034 0 0 0 0 0 0 0 0 0 0 0 0 0 0 
141201392 -1.216858587e+10 1.961873765e+11 -6.671952234e+11 -6.672633864e+12 9.446962656e+13 -7.364679493e+13 0 0 0 0 0 0 0 0 0 0 0 0 0 0 0 
4.520758005e-06 -2.04834458e-05 0 0.002766976363 0 -0.0339486463 0.239481958 0 0 0 0 0 0 0 0 0 0 0 0 0 0 0 
1068211029 4276986779 -8.354857544e+11 1.181792964e+13 -5.344401854e+13 -1.809851135e+14 0 0 0 0 0 0 0 0 0 0 0 0 0 0 0 0 
1.350181247e-06 -0.0004056766418 -0.0003165756472 -0.008863291894 0.06909807923 0.3730708965 0 0 0 0 0 0 0 0 0 0 0 0 0 0 0 0 
-6779175222 2.476573126e+11 -1.333314723e+12 -4.074751354e+13 6.224223961e+14 0 0 0 0 0 0 0 0 0 0 0 0 0 0 0 0 0 
-0.0002790814236 -0.0008867859239 0.0137116022 0.2734592596 -0.9980924335 0 0 0 0 0 0 0 0 0 0 0 0 0 0 0 0 0 
5685134057 -1.100443024e+12 1.836677016e+13 -1.946554957e+14 0 0 0 0 0 0 0 0 0 0 0 0 0 0 0 0 0 0 
0.0003124033204 0.004285345416 0.09147008423 -0.7603451166 0 0 0 0 0 0 0 0 0 0 0 0 0 0 0 0 0 0 
1.083660695e+11 -1.296915324e+12 -5.478304003e+13 0 0 0 0 0 0 0 0 0 0 0 0 0 0 0 0 0 0 0 
0.00534084918 0.003532402177 -0.08402449982 0 0 0 0 0 0 0 0 0 0 0 0 0 0 0 0 0 0 0 
-5.292942533e+11 4.315591893e+13 0 0 0 0 0 0 0 0 0 0 0 0 0 0 0 0 0 0 0 0 
-0.0603661519 -0.2934002797 0 0 0 0 0 0 0 0 0 0 0 0 0 0 0 0 0 0 0 0 
-4.8308238e+10 0 0 0 0 0 0 0 0 0 0 0 0 0 0 0 0 0 0 0 0 0 
