0.000040951963324991720046152699825163884216149994139293	0.99998404221300225512010154246656347702647674018733
0.00009531755243961510407060269131426049435944821934892	0.99991592128015009348987374882184212103671425924058
0.00014973770787377461473986780770044355537861343945556	0.99979337428263026443458623256142347800222694884735
0.00020412408508437856625334136544463245588389269756953	0.99961638734772443022270536382019355685459112668809
0.0002584562906631006123927970628901792346953842791622	0.99938497642071494728843823312414059239043782039939
0.00031271855782305617308904094081144553352497692247834	0.99909916591370176472646198112333000907957210905871
0.00036689586861547575483571416082016511244981339086347	0.99875898669575322890321522921977506328563519443244
0.00042097340871209825505962553088131800128660664235659	0.99836447571547008299665633497255967094351985797897
0.00047493645373005979352521043916442267351549621049068	0.99791567589754809596513151003709484285669578393355
0.0005287703411360691952149611898832684794351566825284	0.99741263610504142209522817717791799239101639313906
0.000582460464336416236856006789419847927698680831931	0.99685541112118152782200229536198787270107845439981
0.0006359922736949664304965585684875099819334196561447	0.99624406163779186623102335468900465588788286414633
0.0006893512800289416597686848998490840125029591891217	0.99557865424599086034312326547079158522446075268209
0.0007425230590829331798213650953772420486586056062321	0.99485926142755806094112994023574852744130838258663
0.000795493256414971309651266459673487332610152680437	0.99408596154628643726935891938690817888257047269638
0.0008482475924599164244610064642319439034862444480256	0.99325883883901539486946184208255652178845764770853
0.0009007718676646710407736724251817304243682173050821	0.99237798340619755725141949199704118698690450383549
0.0009530519676441643550037772812924041242128984498287	0.99144349120192478525304256782969327120549401088244
0.001005073868331554488408916949652951795316256707644	0.99045546402337404640449469418934821240030145731211
0.0010568236411077486987601978410104262201622731032923	0.9894140094996516874083472867547200101780964959276
0.0011082874579011666604341086805182885798644373044318	0.98831924108002424568100255932253317397476271237909
0.001159451596251712987849493100885238775976571383827	0.98717127802152926671987454376326567594104922830866
0.0012103024443345773647472473593623602074153839247176	0.9859702453759626730826116855923125331943422050389
0.0012608265059404125164204279210438399904721421751333	0.98471627397624107409928438367446051514530619684144
0.0013110104054089855256521771039381624423123792455451	0.98340950042213854881250567520237228857713558698865
0.0013608408925137293407989144816971133363446086652906	0.98205006706539817004239165318219035947267678219249
0.0014103048472948310802573602329676408357750024611009	0.98063812199421902886885399363744610777352734506495
0.0014593892848386327291348703883974625272490007937094	0.97917381901711986080683621687386995139016162081688
0.0015080813600012167892342004904636524006908526319436	0.97765731764618062344815802513119746441201908417788
0.0015563683720741210299932531693566556351171899433818	0.97608878307966356417143245642257085959262955279971
0.0016042377693901825555919593953632076044256169216502	0.97446838618401546654772128096815383190826124622148
0.0016516771538675579112311270986424138656929259596513	0.9727963034752528884181877158793278146489110638724
0.0016986742854900065685657867511063958379797970990218	0.97107271709973231168905653904726543611087300768577
0.0017452170867215621537327149503278486737362741152335	0.96929781481430721913949566007969127939713865942311
0.0017912936468537506718181351939011928451958910111518	0.96747178996587420057346921648115139873107658427167
0.0018368922262835486800595157356474410496075809164286	0.96559484147031027187840350132462697247332248134897
0.0018820012607203074820833307498787607554468670054108	0.96366717379080366761547253041153916602137836318907
0.00192660936531990236082484143740117873949302060355	0.96168899691558044177849952752580745025259216838545
0.0019707053387443989060138170144249652437815006212401	0.95966052633502928309698045682970854885891547152184
0.0020142781671455618011308600672652428374145636545736	0.95758198301822702126658737190097713720637098792825
0.0020573170280705651326436028190648054738751006733923	0.95545359338886736915097380359919739181281280950597
0.0020998112942882974488621352937416764922361916021268	0.95327558930059551358437769882928715430929112428442
0.0021417505375346894770793190053944818096471080191426	0.95104820801175123411053999102156063647491473303471
0.0021831245321755276368993192464136199893464474208602	0.94877169215952329496024167467146538777679531263611
0.0022239232587852522825991797463240877499245945135853	0.94644628973351792089870294462765360800476148509677
0.0022641369076402759763832347750782658773478924982611	0.94407225404874423233852009017423183034120424581975
0.0023037558821253940391054114929367755650055191473049	0.94164984371801957936673539394798521659686531682955
0.0023427708020518971421932718861280016774750310692162	0.93917932262379777811418118301134488647241550613199
0.0023811725068860337872717490672513647626561588352301	0.93666095988942331622861962484660714779853351084875
0.0024189520588865091588544008949981247783100955503199	0.93409502984981465711952650438142861117753635294868
0.0024561007461497460189408969749222375573777622453515	0.9314818120215798351347162709571595972293021646866
0.0024926100855616730273934863510832582626821100686427	0.92882159107256759591592761325798651498219503772539
0.0025284718256548461043340083017802680825054158482632	0.92611465679085739786712197416126095352615266291756
0.0025636779493697491853388684994725826210632889524299	0.92336130405319165195814441780369986100446480477768
0.0025982206767191619409909354470068038941854427886897	0.92056183279285363797814173998264437191898042311442
0.0026320924673545237228383467223485132479850839945625	0.91771654796699459584680748024757688405495379092795
0.0026652860230332651409646982024597253460645455019368	0.91482575952341355068505551396802671760063071474507
0.0026977942899861212567173309818406414390277732701973	0.91188978236679349003715516615436247838412471986272
0.002729610461183483369827289400162549160115745963234	0.9089089363243975709200513507575916453857708559631
0.0027607279784998897740243096815470004100454926916392	0.90588354611122909324837804829495027852882067748113
0.002791140534775799630861742137985739170376247922171	0.90281394129465903464098350456657651221323051463936
0.0028208420757758382491307173953451454926955980101054	0.89970045625852499965174203837115354727958823717059
0.0028498268020427465380498153547927162282223708745738	0.89654343016670549407891505655573800775833103738923
0.0028780891706463122072564234144327565359016051959066	0.89334320692617349218804874822798649898881469095995
0.0029056238968266053962091794926789792038714560192519	0.89010013514953332142793049917805874794671994958459
0.0029324259555308868104843113968134884435383070324801	0.88681456811704494552194538225942838302066255151539
0.0029584905828436021030108414234825305988083178195859	0.88348686373813978267268430764859161227066915507751
0.0029838132773089221448042969809249105181217330592534	0.88011738451243225102021671582972682443646640383629
0.0030083898011453349623673615621541467191520141823063	0.87670649749023128843838559250201941703603012702704
0.0030322161813518414576600576308546535092138185268644	0.87325457423255614823313082059377273945559982192979
0.0030552887107053535513336415611985808545520760142253	0.86976199077066082631651747244576898906820059656973
0.0030776039486489400806150237273294489706552091099269	0.86622912756507152896416670816764319022976882940091
0.0030991587220706126195877181214477537827369064816648	0.86265636946414164331650379730368854861760012933896
0.003119950125972390351338563204214102917589899689538	0.85904410566212872535001959508506887468007781394583
0.0031399755240294301881660530096002510753971943205016	0.85539272965679807211798716178324824862280903290023
0.0031592325490390554873668948552700614995769133825398	0.85170263920655749663521673542587147099791758870661
0.0031777191032595639255842370307415534342482536597909	0.84797423628712797485294052057031245085045970878423
0.003195433358638742353836240998811227941392071126496	0.84420792704775488473230555991202987978607248412466
0.0032123737569320637376494947676795450462545954495099	0.84040412176696460747277421463539217935092852700384
0.0032285390097105885716894722043193806550602566244085	0.83656323480787131047958991366949784727459451398378
0.0032439280982586404253994561820288730396065652094972	0.83268568457303878065701189036784350702080170765958
0.0032585402733613725049271687569135507537092286231591	0.82877189345890222508595813320339851998463318699562
0.003272375054982389286548502900924852819196208775712	0.82482228780975500408077436681700407391547411096699
0.0032854322318316343674296251023407769041638304974832	0.82083729787130530901487573877751021104394616390643
0.0032977118608238026704764350426928548212119766333341	0.81681735774380784415384905840586089868235918649581
0.0033092142664275820108217671533502941828648898285006	0.81276290533477561803217498927171101229648214658766
0.0033199400399060757618663215340839210239904582824276	0.80867438231127699565100670820697918744505923034602
0.0033298900384488049284512472356767989958612992041206	0.80455223405182320795445746384311766212358880333168
0.0033390653841957343235011884514778554165582976772892	0.80039690959785155965569643834396948228431942740586
0.0033474674631538137322183962390524862866643215649484	0.79620886160480962052698241157963666816335005828367
0.0033550979240065709146012905334972030407351087850063	0.7919885462928457287347906449384416517509928234636
0.003361958676817339022771602092684175630062232006245	0.78773642339711117768768420672745331608584098623439
0.0033680518916267464744954973953757165395110618961667	0.78345295611767950016588278789631238403458823932924
0.0033733799969451425086627052160352645859371162475313	0.7791386110690883052129887807085738583462340548659
0.0033779456781406765327532845343754528216366231411963	0.77479385822950916438750426746725056723364310414365
0.0033817518757237939370153556240843975359224660592557	0.77041917088955108449013983508532225502164927547543
0.0033848017835289552758797925832242410118339401415351	0.7660150256007031437980676157624867618391973562164
0.0033870988467944295848787765917582001994776482601682	0.76158190212342190814486262036142883880962472203194
0.0033886467601410560920001163138594666206503600285514	0.75712028337486928188062993710688262486428464013747
0.0033894494654509116771491714574459147168210631219543	0.7526306553763064868265185933412043862249481848411
0.0033895111496468641135290291180195978248480195435369	0.74811350720014989979733043695842372749770933870493
0.0033888362423740333717925205657939919090956127295078	0.74356933091669451610116613580465456406041855234165
0.0033874294135842250634613013814353459696906287011958	0.73899862154051084263199988632062132159841554482007
0.0033852955710244414262394256331696267097054010279087	0.73440187697652105974579742746723406153357228733884
0.0033824398576306160925686863309052526297817565317364	0.72977959796576032604941488510664047118365797275455
0.0033788676488277592163905100559315147262612188601305	0.72513228803082913453023433892527722896237311312067
0.0033745845497377393441251028264963708626018339699599	0.7204604534210426621095708606073493181853287587234
0.0033695963922959676871118485031036845927491451470013	0.71576460305728308771066013583542629022540345316852
0.0033639092322782891671704474194356924643562601242306	0.7110452484765608862889110538537613677702185328583
0.0033575293462394227477779241129162160396134045617702	0.7063029037762911379745600163167037758246210759501
0.0033504632283643311141008811297945800163191481135325	0.70153808555829092252244055832826901956769936670443
0.0033427175872339367095213468222807027234090882638656	0.69675131287250389964690214006669121288314549180501
0.0033342993425066374583591104338845961386056211612465	0.69194310716045820553866656167793757670213613667761
0.003325215621517111188506101094595404109679048380092	0.68711399219846382491136260465413247184048790125036
0.0033154737557939327982102217028339513663715285466194	0.68226449404055562630546512063800928503047861954914
0.0033050812774975625731234128136408059540918866688764	0.67739514096118827608329281967078165292130215434645
0.0032940459157802977380997516566845469253784269432032	0.67250646339768927357757177859501791600336400786629
0.003282375593069812308530544992069910875452845681753	0.6675989938924763762049052331908931511042523248138
0.003270078421277942573975745249821512944569003916196	0.66267326703504570902143460901699000234599770461818
0.0032571626979364070885465380640586069736871868875822	0.65772981940373687817823641488469478205891718505271
0.0032436369022611808442814496703447146089279030035077	0.65276918950728143202585366144051875907690488942158
0.0032295096911472733523294690434588589323277675063032	0.64779191772614103721816293020370830888635896422096
0.0032147898950956896391287539058841526229537473177409	0.64279854625364176007295841425720892467500794237086
0.00319948651407438166830303462564562205181629838914	0.63778961903691086565769702584013963779671706010272
0.0031836087133150254113841471703964829465605710737799	0.63276568171762256858137467427482231586408520779559
0.0031671658190474856997476258689983125418572141789801	0.62772728157255919028514979225659307994420788352693
0.0031501673141738570847086867544923798128987125353491	0.62267496745399419773282919526808777830260160897154
0.0031326228338839942013133051224129177999045067387189	0.61760928972990361780549304552890713860946683187388
0.0031145421612144695630787551043917975215395327260864	0.61253080022401234040024652836131990180507449052069
0.0030959352225529202992602337139691523681067634907587	0.60744005215568184121930935872809550511717573453241
0.0030768120830897680729848924331777947648749162001436	0.60233760007964587251043121926616191388127709045708
0.0030571829422193182780155722044065785964646949270877	0.59722399982560068658106997986791516056717365409192
0.0030370581288922655945758311595483512905497922181683	0.59209980843765637275508605133152397678444831374021
0.0030164480969216530815598259493924007988469606417351	0.58696558411365590357016436487648077448643980177462
0.002995363420244351184925843451294772908723528976179	0.58182188614436850042512721174813534296934992103099
0.00297381478814014134188134687774203950114781559214	0.57666927485256394257717675256386766817678105040857
0.0029518130004105062497544281881133969453958795029673	0.57150831153197445635841407946028925593138940484212
0.0029293689625192453397526491032489292666195527771223	0.56633955838615083372730954861139323451518938306374
0.0029064936806970495420767176109813004059374188344546	0.56116357846721944079281271198479612349504170047132
0.0028831982570121840434278698986695188044651534374463	0.55598093561454678774523447930862928131873589509904
0.0028594938844094414145749530784609323009069880544363	0.55079219439331834169773308364092597147915454374654
0.0028353918417195402184896455199140303707674472039512	0.54559792003303827328409212015567378684337859993285
0.0028109034886411559931870243073185225419281474586786	0.54039867836595683647147577510104879598238140184547
0.0027860402606977823328085627298440495754244603314549	0.53519503576543208893004515266672808009118637761038
0.0027608136641716296610563107251268079038325055774467	0.52998755908423266745386163154907659164889764991315
0.0027352352710167781986490913158051037811672594854928	0.52477681559278833934860932148809528071046748924698
0.002709316713753809567262376278015703413574830090488	0.51956337291739505639063950059681345952899642778048
0.0026830696803481484430927770627813884667117719549643	0.51434779897838124291805570744463842055472574950222
0.0026565059090743516708382898163024511322482393842846	0.50913066192824205383747906876360555220123747830066
0.0026296371833685872710131068305733477701109050555492	0.50391253008974834181929947516307119913483591086057
0.0026024753266715498180526180921341265489208345715139	0.49869397189403707570924931419553998499940326243967
0.0025750321972640617319678577188162671238830711199874	0.49347555581868995420473254493860199417046600357961
0.0025473196830976121111635001993360109967035091225614	0.48825785032580696013028286785051568855197575689413
0.002519349696622085837651213580457357736755046656655	0.48304142380008160119767055357410624123004564991052
0.0024911341696129358079099285097488151960573666572876	0.47782684448688458295246813425781384209987806450398
0.002462685048000050283133289233321249625099889988867	0.47261468043036265869034067131406034882488882468391
0.0024340142867005655120567874036903191887899973317916	0.46740549941155939947304678366250035617158913681996
0.002405133844457870958894851682813768567970686324436	0.46219986888656462498630217786148580573169993887583
0.0023760556786890506694905083015020335248206403169728	0.45699835592469923285952821228213579611059757712307
0.0023467917403429995323625946215381043813970104031271	0.45180152714674216021142418837915043949129624800501
0.002317353968771447440128989325414163072425201832957	0.44660994866320620659568368366823577438853652376502
0.0022877542866151176334146723147416092366949134538733	0.44142418601266944219852232196213279705812848487357
0.0022580045947072378168699039659713772038309759855954	0.43624480410016891908457676947745437916865442056629
0.0022281167669966139787978406823200256656800701411799	0.43107236713566339650083209443117594765853853606093
0.0021981026454924672260145440737872231670277926743307	0.42590743857257178373027629604577802824539841571066
0.0021679740352332233682485868630713389247979306095444	0.42075058104639399573878579910087900644181503991854
0.0021377426992814334563603405117026315489185413113741	0.41560235631342090788121257531848602065228857783483
0.0021074203537469910010655437318040825248280013117385	0.41046332518954008622675029881774635869744224296026
0.0020770186628407981792396051300215252253930086856302	0.40533404748914395963046092219679115552400571502973
0.0020465492339610189792242726432286282007597958908122	0.40021508196414708851848085701136676068800271365203
0.0020160236128140419512304579255316727679451491995462	0.39510698624311917347011325063266848684105533673427
0.0019854532785722590207086614588210987869469644724518	0.39001031677054043407204434045988995238237633981011
0.0019548496390707496986220387281120699271633438040751	0.38492562874618597518967104221057183235541571314273
0.0019242240260449419904858814381585549811042991744831	0.37985347606464574374944598467683546330309202417255
0.0018935876904113023738058145475146100295515439074598	0.37479441125498666435576586175756104622692351532301
0.0018629517975930873895219483872014938724413727794254	0.36974898542056352657785832027778870902370806287468
0.0018323274228931686860024999490586973116825680493091	0.3647177481789851805380489148438539849512922468772
0.0018017255469159217731674118334183448208976731437571	0.3597012476022425805144782208739508067752484761466
0.0017711570510401462989801382402624391829923240095321	0.35470003015700519864063310120111556755752714067906
0.0017406327129449623607202445853312252408046429298857	0.34971464064509231244287608294888091347108274065321
0.0017101632021906032194089888716801882165798274107086	0.3447456221441256509075009399269239015365411679904
0.001679759075855999808140338405985987677034266512221	0.33979351594836986401278620306759893914520148397835
0.0016494307742350266248695090604587431930879316553896	0.33485886150976726020121371571759065638804301678111
0.0016191886165932519887867400781382339118184134457741	0.32994219637917323510469552434695032159310465455753
0.0015890427969870082284653783524442002866427686281022	0.3250440561477987929736148542031908943023082114259
0.0015590033801465691715781693655079302339392356898506	0.32016497438886653970111741380708083728205150263375
0.0015290802974251933325243826941500536271915365665966	0.31530548259948650307984553963324114891141102906457
0.0014992833428157614585407857481261957341150209681701	0.31046611014275811198172319310179783590018494134644
0.0014696221690367066098510076824885132411574265504884	0.30564738419010464151508346617283364658659055621258
0.0014401062836889037285360266615059496066989950111556	0.3008498296638464058900661185978609003922953735354
0.0014107450454851537077990722336863087270939446117986	0.29607396918001895471555971927469358477855919686701
0.0013815476605538643221810603865509579340515596312709	0.29132032299144250176185474103447189963835001103576
0.0013525231788184970343957419473028370561297746827356	0.28658940893104878785551828872541040200859240148472
0.0013236804904543146704368261298050493989321780646935	0.28188174235547155152977982116878929276911597360492
0.001295028322423930266397640687320919553896595812533	0.27719783608890675233798570709489050060213115728418
0.0012665752350931220532615089267082194963545914458864	0.272538200367248662352567508911208908031204720785
0.0012383296189283435752743170694953073282096549129158	0.267903342782507911320676285886372100130212227459
0.0012102996912773213491815547192819237686318904403524	0.26329376822751754023343737504509329509219800058856
0.0011824934932340952816508760909076729528761874211531	0.25870997884093308669202377822050876453157706052918
0.0011549188865898192869199823963115368952476904521961	0.2541524739525326934238501491069400105287775809179
0.0011275835508706012026748719852426425610164251620553	0.24962175002882319861964372574401624829889909292332
0.0011004949804636222061889934614472638143771669999334	0.24511830061895813343051491772812679845302869781559
0.0010736604818327365018932225967286367739915269741963	0.24064261630097351798706102537534437376428868725715
0.0010470871708247121030859844119385974350109396943255	0.23619518462834731268369462305458170552403217168522
0.0010207819700672330819432952329820603429633315788939	0.23177649007688834621456647612600232889700035148123
0.0009947516064597427310783224306086563460229276786219	0.22738701399196050595649420454744520241878264283431
0.0009690026087581656845671111405842116750624506377274	0.22302723453604793977312432292117400185463963297078
0.0009435413052545052047409822179909741625367385338547	0.21869762663666698116712779641828609638874040016062
0.0009183738215522695714801391235284364232684106253288	0.21439866193463047193760743654675143428638804155326
0.0008935060784386388317464095304992012612456086793192	0.21013080873267011811219707197382196082517280362046
0.0008689437898542400973626871019186934981538798526241	0.205894531944422475921742997495832183569217523647
0.0008446924609613561374489901628292765197170716304859	0.20169029304378412497423064643008371186413665770992
0.0008207573863113482174879086006346155322065164311802	0.19751855001464154556807366637325462717186988651067
0.0007971436481120300088963899863605854984391349335459	0.19337975730098117626740514189308921038580134287015
0.0007738561145956849505518040749488385272952170136419	0.18927436575738508644805437993119156782241658736884
0.0007508994384883747064197354737501347834568706358833	0.18520282259991765651697611193270778099076159610858
0.0007282780555811413508484413304780124210006944483757	0.18116557135740861591460635366072751307912165800011
0.0007059961834036606449390222726091526558244062948503	0.1771630518231377458335998711164448653708378780059
0.000684057820000858263490334404078960174749768633057	0.17319570000692650983337247465464031568594273601808
0.0006624667428129551122747117519361089662137246545401	0.16926394808764183120260603357934644686096360522833
0.0006412265076593619598391255412780165455413545595984	0.16536822436611719102621832825130365123395544281319
0.0006203404478267975167454610840981143908722460733567	0.16150895321849617545416090463821421354826415580086
0.0005998116732619578483378878826830639122559115767926	0.15768655505000355465175717819556789793670060917707
0.0005796430698690186249965371233893677144657243869917	0.153901446249148929340165194688548384322297518076
0.0005598372989122052167047171067398032117504183627897	0.15015403914236793371604353805449306399344012577549
0.0005403967965236190469708011186305515283571785364448	0.14644474194910593587677757445658755041588550765008
0.0005213237733164619550952230451919478046225632690799	0.14277395873734912867691324589789806069674272324858
0.0005026202141037535958787285634022188595595168684242	0.13914208937960785520803799285176384510153721502669
0.00048428787772259015257376708844240959980177274231806	0.13554952950935696383359887372824730920042982535403
0.00046632829696394587264396590881601690872339336713713	0.13199667047793793792747775628783512121840427968296
0.00044874277860797217717905510152128448973194208409839	0.12848389931192749516604008843844873971820826542499
0.00043153240356470236407229478782444987397015648176377	0.12501159867097730041339221657074155640470169352784
0.00041469802712002324274918971772661974611449358837575	0.1215801468061293849243465583289196817804385610527
0.00039824027928672842476284714029118580333012964222928	0.11818991751861181277479924217373088138245883333393
0.0003821595652604214703346143025225792628553353975544	0.11484128011911908312063976524301653274989614500806
0.0003664560659799906762706843235535004637135171039083	0.11153459938758170408978225270179297724771873740543
0.00035112973879233100592956032570199817442072808278746	0.1082702355334293208333593247516904956558919658364
0.00033618031822094252729745309228441919770407852887793	0.1050485441563517265075646136692843940681014828287
0.00032160731683798876092832137526476055929492008963037	0.10186987620756203073317313908075487005440147890148
0.00030741002623935256562663809838701824844328444001389	0.09873457795156620539161483471305776363165027662247
0.00029358751812218162631443125886689422378991881304494	0.095642990928443172470940577522367346689727323686147
0.00028013864546437027545738430316054182213793626493844	0.092595451916639543078539935378123635556151989522613
0.00026706204380537929655410288099197386232113180544884	0.08959229289628306069662184092528998147900493514127
0.00025435613262775054523436889783711485942126415870948	0.086633841013018745277988047854269166620000413911545
0.00024201911683862870006400569277240917879409993793963	0.083720418542371677870432114936537636085411239755994
0.00023004898835055824068641132810669772982169384863108	0.080852342854640308125315780198680207142525226576071
0.00021844352776077986477877473050796659909245985417315	0.078029926380324109296896004503355227433054206316195
0.00020720030612820701665528695042008626925987551546083	0.0752534765760893471814902147672155638995330532215
0.00019631668684722002824866390924680905798780190178692	0.072523295891276670887633532298411576418391418018373
0.00018578982761737258652262346878876160652317800388154	0.069839681734954174378509883222290774383489618560104
0.00017561668250806285882024083210287830348168310917677	0.067202926443519518395194691754538441737094714646274
0.00016579400411717964776783247203173646718505119520544	0.06461331724885464266338788292355347907827139007163
0.00015631834582269242847745703597216586456049439015146	0.06207113624703653821796705306193026377621668983788
0.00014718606412611306107631554726098785789592376461379	0.059576660367607489260572559438654085735218375557753
0.00013839332108671638899018701239089371318973006594633	0.057130161343408133208663816320346983344685431488918
0.00012993608684536684566348653800627886710934580130388	0.054731905680976626514960312811047284474659160028514
0.0001218101422367586170368152994960834443009905477431	0.052382154631517142451106449472703584149220377141479
0.00011401108148883786142587473517346256409355601403133	0.050081164162440865378971428677456055892457307335331
0.00010653431500813698952334351652829707024204080951869	0.047829184929482584101317099390882936931391169948867
0.00009937507224971307190843966265929629843635356747637	0.045626462249395924719880773721203437791219959346068
0.00009252840467034508628142329019251420438588616406435	0.043473236073230201069275293330428137709246088797481
0.00008598918876360795797236117096646972839760691249093	0.041369740960191798284626552237055237814642001868918
0.00007975212917540520117419508694129554696921406420749	0.039316206052092942456850459271071665832301334891031
0.00007381176189850645062065911603148628134231336688757	0.037312855048390646705686569411855784890790721043298
0.00006816245754460129959613581120997957621120583779152	0.03535990618181856145325818374481117076474284534338
0.00006279842469234664547177458637715987755653720352747	0.033457572194614394337022056081624715312314001933946
0.00005771371330985120336654159604079670434763984976397	0.031606060315345503230137281274500092517077004788664
0.0000529022182500079966950632239007365904691618019516	0.02980557223633520446866020345939309554268629738603
0.000048357682817053484646896966916486511514245444916489	0.028056304091692277931506411434932129497805828778179
0.000044073702402700555097802679154374969715527715968023	0.026358446435946091512910450214773525882174647842375
0.000040043728190161910823193792996258801435653191412328	0.02471218422328971037134708123246275751136347638104
0.000036261070924350420588921221574319456587853677752424	0.023117696787433301984999668104030168694510474223824
0.000032718904746513807832359586543407148172011893909726	0.021575157822070097707567861553501576319025262596457
0.000029410271091532620985648126310861384075586705997459	0.020084735361957126955976889595291258811711755008762
0.000026328082646082783467362406120221040700760159140383	0.018646591764612903942863934107287229101657561720111
0.000023465127365837170075901235103301958273660543753814	0.017260883692634222799753592488794101954414992645753
0.000020814072549854611714650238522489456424157851257531	0.015927762096634210744235769693053429159023573609165
0.000018367468970279503482476512889984806891793648909919	0.014647372198803809353369228936449183687697834544646
0.000016117755055450793253115906988708391082030358895804	0.013419853477098914536402778277690462874192256151507
0.00001405726112449556969532840559888651700854267351927	0.012245339650055527756830821167924880754121172364275
0.000012178213671459760696148599553936709175882633165858	0.011123958662235488624317241796080411960572902798941
0.000010472739697006605518251815868299482644836469101035	0.010055832670305728119520374447253124734879427002598
8.932871085692586736503349184718577639001653909167e-6	0.0090410780297545960148326528873526180208262646043513
7.550549026810411010631421367748687521810454138623e-6	0.0080798052822498357478236329738043952780207367137881
6.317628476769421286197292456520985989569501420948e-6	0.0071721191436444866163640564170828091312020875938779
5.22588266096551820273290745770682344165226088546e-6	0.0063181184926398955889166527100315757740712368216994
4.2670076130752786875322906214615876470166104343539e-6	0.0055178963601200686393585902847128302621932331818727
3.4326267496925034447689065686660823962500668563926e-6	0.0047715399191806189168096868408099746853300307102447
2.7142954782099327028796544344044575492095373985162e-6	0.0040791304758922644676377925504748654064776164817773
2.1035058358343996391087161657088094090095905587022e-6	0.0034407434608709459987491451007782321881142631595911
1.5916911576103714255908049004450780552899676852983e-6	0.0028564484217913348932718391713771048872138118592677
1.1702307713149699387462511557552707780664246895297e-6	0.0023263090171180690163610575187753239176280388051323
8.304547170779970002762590298833541382795284578145e-7	0.0018503830116408439391159047031736958791083895027799
5.63648489575643221673526688739174994268301562529e-7	0.0014287222751623581047636548722746544162237939682589
3.6105780065437467614602412735915428954987796130808e-7	0.0010613727877375668309059648716038851048004026068058
2.1389336029152655526399749466266259403629117220002e-7	0.00074837466105251442479327500603776025141666981910959
1.1333567402124434816091626636001419105605361699349e-7	0.00048976220729029731439926346656886400240410341941869
5.053985605929130194206905316743246090128253375189e-8	0.00028556418089946797997547767278733958955581490145899
1.6640464663924994798495205123026657020658532971511e-8	0.00013580487032313623740312852836861623328458766565868
2.756445575201498591050167512303964697895157878266e-9	0.0000405121697725344853890167987180436013851687889126