1.7388572493295535193652297695230549624870190098957e-9	0.99997724725055007322829272953514688709500712730306
1.0496953062027997010750568279733124070253375477574e-8	0.99992372718410094094432732920200359723816097764271
3.1879063592296317243884281324625302738392967493027e-8	0.99983961354692758714213279195961082931524057701846
7.148293748695053448973786537122098451180090066618e-8	0.99972491798423456860210768951583913059280853797501
1.3489247458159678428586759405368773708411964222266e-7	0.99957964865503546145861232736810663026607293187817
2.276733862018409199434625443804833627582469396825e-7	0.99940381476638082083200308951929667074250453399096
3.5536893125750833952889262060430927308172835006515e-7	0.99919742718768013324303989298702789036668458817774
5.234956757517879084878943616833098719127072295321e-7	0.99896049858791478765573543259018499588661661348061
7.375392733465062122845520026127452541261250570945e-7	0.99869304347599336937018624042409521764880131786077
1.0029502692203366408842871808438767878454594838022e-6	0.99839507821468516820423605196893926955293967752498
1.3251399301399769134706841329541730248420826280469e-6	0.99806662102573715093866327843640071202333807152232
1.7094761037888059889732783999432133522869485942807e-6	0.99770769199155910426962693497621410779955421760071
2.1612791104116090215755788747287747821636844323366e-6	0.99731831305538528103471869055551969885728076420434
2.6858176698195739453916816300281881743513007843013e-6	0.99689850802066982868030970489091516273993904294407
3.2883048667755814282557137628770515497691007381478e-6	0.99644830255004480093632175022588615483115577185422
3.9738941577508606568305033286398043130854666136801e-6	0.99596772416399441297109363343297942890230762429677
4.7476754220119225014209660312230278662982467540112e-6	0.99545680223932190712743551317840909064685673647944
5.614671059961856290872522720035255039071296972224e-6	0.99491556800744902732818312754269842745300583281294
6.579832141622808832095517441583999238964969987979e-6	0.99434405455257003004834177566573164997220200717004
7.648034608106862777339472019683801859037089556739e-6	0.99374229680967275117161821536757579621507429551724
8.824075528880662076379497993489978849328330495382e-6	0.99311033156243414606076362860343558181221434393091
0.000010112669417585045059895243673315562779239002778481	0.99244819744099485338904958992079815667099165656442
0.00001151844460912468480445841748802208721231491458958	0.99175593491961567135854014204425880821207313758358
0.000013045939700694344263838034037333881234624722339773	0.9910335863142178446805388759279482155458959606978
0.000014699600059357872778080765714971406677756068512936	0.99028119577980845631207998179128571411695830478541
0.000016483774398743544485984647354449528167333146975072	0.98949880930779184132274766753411782342672087992348
0.000018402711427364812657445684094785825653952905058181	0.9886864747231677014198613933269422145553193039801
0.000020460556571019073270588369881730583305346695545832	0.98784424168161644503116806581484468639649001341053
0.000022661348771658644036190854461833636118754513214666	0.98697216166647217800888017350291646960098297502662
0.000025009017365067920791118113661852829150097859414735	0.9860702879855837047804289296725112386269621453303
0.000027507379039618622521080818252186497682366872170139	0.98513867576806385716852284612214602223835218882277
0.000030160134878311231484740902722256247696211836791815	0.98417738196092744054633491722505557099566631145856
0.000032970867486245229688025448212164583903147478795053	0.98318646532561806958522355060312166841466274662906
0.000035943038205593582387316768444271406398690823534103	0.98216598643442415538204539033868102025393850920893
0.000039079984420088179820708089711535585695747828795428	0.98111600766678430008575590782512441471529358494637
0.000042384916950952677717172323378594858298856320109536	0.98003659320548235283919875188304459974309913284955
0.000045860917546147434305293451203872778363965747354413	0.97892780903273238092892582573435939057872755749485
0.000049510936464718086727157541774195554273952294070573	0.97778972292615381181443668298609537927405926304256
0.00005333779015796480429720428116652838962097675810532	0.97662240445463700471380499702890425348733363051158
0.00005734415904907346236148826114017995216151638511618	0.97542592497409951432010980257420875063655141922022
0.00006153258541277296207908635761869978432939289630146	0.97420035762313331377332057462242241472631036586925
0.00006590547135650474271548973485881652250961699887905	0.97294577731854324904311122007693793489578780449725
0.00007046507690451125938399155929637885911880593032625	0.97166226075077700226436420970981426606985259606103
0.00007521351818616989683894188774269353746912240063389	0.97034988637924684721714061371301535939107838749478
0.00008015276572981752596680100397253880215436806192131	0.96900873442754348598882706392135602963145822210032
0.00008528464286322875183942702599474200069119224858551	0.96763888687854226184749908097443606992197477501214
0.00009061082422182791908116721137979308525053984120033	0.96624042746940204945431571749327536989771005919958
0.00009613283436563120097883661757627261693110474076954	0.96481344168645712972026760308098900419390521484718
0.000101852046505830672921989595634295659634467918573	0.96335801676000236284694525998977035475638378018474
0.00010776968134184722859776632634687187473147184665934	0.96187424165897197936535925381837323415993334636901
0.00011388680600959360952333461262635532485253008315337	0.96036220708551231528821322346876524317246014986742
0.00012020433314160275600630134796606763205488686871471	0.9588220054694488238092566212555806308153288165041
0.00012672302003959022182723951473889053583482385426709	0.95725373096264770231045184543210118967519902743949
0.00013344346795993259744487525976900977491437973440463	0.95565747943327247976736482993151462151863776172429
0.00014036612151245682913531031810623099015746928787391	0.95403334845993591597038606107743637519728261334757
0.00014749126817284807612638341977033963817339787307756	0.95238143732574757030004893946065605412930308429111
0.00015481903790889638648103082762923962697052619764024	0.95070184701225740410553394057887072026445091708291
0.00016234940292071506723008582544065938236124741067164	0.94899468019329578703372271563310853042234782739706
0.00017008217749497624700987199072460741930101711131784	0.94726004122871028393965303782199974927790438882683
0.00017801701797312185205858801794253170577462789410561	0.94549803615799960527604559011288888999574703744571
0.00018615342283342111052145667898810886088363830716598	0.9437087726938451101081379934608096521932488748535
0.00019449073288665883701728853825473311157177986499082	0.94189236021554025712901039885658407448536318989509
0.00020302813158515220043146863824339842061273743103174	0.94004890976231840525874339731055729823266111026738
0.00021176464544470751365716894568707732061949503561193	0.93817853402657937159708229199163143072987742840977
0.00022069914457904287481292985311996029048548823735237	0.93628134734701516066287899087839055853786933725385
0.0002298303433461173051351217522351744330484978657693	0.934357465701635284993626046441983370269294900333
0.00023915680110572243854157263467814369297367835584217	0.93240700670069210329414592080425431245240473800609
0.00024867692308760889044019535704651170861270962639226	0.93043008957950660841427441432981679669915998316928
0.00025838896136933623669582115866435347018782504883585	0.9284268351911951035005537483808898289985764192073
0.0002682910159629531350227535793639365663519203087085	0.92639736599929721070594361875893480282148376568272
0.00027838103600953258690605633927238340786706457519792	0.92434180607030566285381803270721462265328388211616
0.00028865682108050673409354985770746283245559053312038	0.92226028106609833443752117041808438623153354771342
0.00029911602258466597446488611540946515519092165610677	0.92015291823627297429401017555984208631228832496711
0.0003097561452796086314401406527894018647086241528789	0.91801984641038510821914010963167590593702165150426
0.00032057454888634998179410295507776572159909280152183	0.91586119599008958569248667200714241425569976603406
0.00033156844980572320048608659668725517226408256968118	0.91367709894118625075081039618087023206479760397659
0.00034273492293512977847455601829915870957245798953885	0.9114676887855702228909087905187829277083424066122
0.00035407090358412326986938689823615553189050055767253	0.9092331005930872796942576588571311802492079951956
0.00036557318948723788637229613284227334861507601945163	0.90697347097329483864709598545335445121244514979527
0.00037723844291240253669082920936410053944710513266733	0.90468893806712904138005449837895577357283341182742
0.00038906319286321146209102887312665074130341547846473	0.90237964153847844927066737826060716382563213678904
0.00040104383737325470072438442838646199800727625109921	0.90004572256566486503974663052835896069122151083361
0.00041317664589064527566440790221307448937198398516277	0.89768732383283180062825182323049179956754940579256
0.00042545776175081529610431333996951701405018244837811	0.89530458952124111726457144297432947777414811231685
0.0004378832047355901377927498487880615568726624194982	0.89289766530047836922266760726646565684547919837951
0.00045044887371648857587684329747385887825323173629765	0.89046669831956738832894880857428125585053032796705
0.00046315054938013722766306233210240547844164562228834	0.8880118371979946517996548948901096135408737407779
0.00047598389703362996956500165928098785711892396323818	0.88553323201664398148059711064225144257776627315902
0.00048894446948760716520076550131923022776452263442381	0.88303103430864212801692935967668181234766088668168
0.000502027710014775622062913185911305176131856762196	0.88050539705011579890187348323819425317786373572268
0.0005152289553815382225227704787884009111888126751938	0.87795647465086069473962263476551746211648174015315
0.0005285434389503521895082032240815351804908061725615	0.8753844229449231234086468048770566792395470339969
0.000541966293850386984587045362492119915949218877194	0.87278939918109476712696978265492033944834330110265
0.0005554925562140069311631875687764071821542930302174	0.87017156201332118270032637667791410232477196288503
0.0005691171684765598409761284849620909087234406604936	0.867531071491024620477093996765804979130323298479
0.0005828349827369112291506618034946019147704993593175	0.8648680890493417527401774832129986473427249251492
0.0005966407641761241608464522851846299105224628265972	0.86218277749927690743526641688240474075019563767049
0.0006105291945316474083726654347590055143022963295476	0.85947530101777140826673834907755203464778110300699
0.0006244948756243394367953849492923009362751113564745	0.85674582513768962728660996806552124089033149194018
0.000638532332935622801961297832362723488413083060832	0.85399451673772236115800387480006857439704247133823
0.000652636019232032858910542704950796591340060669939	0.85122154403220814729226625358355963570021252337303
0.0006668003182343962602947579365406700541913386185216	0.84842707656087314103780733617463534068974690559539
0.0006810195483288485910997541027523675270717898745598	0.84561128517849018003861136682551620727787094596579
0.0006952879663168766531375865336084288143970290703852	0.84277434204445766678084712828987573988526165829333
0.0007095997712015493938475933825567074826756522439145	0.83991642061229890520677748266344763405692229662559
0.0007239491080070822803358291884972747391799215241664	0.83703769561908253209589246654401239312463279763793
0.000738330071628863060665308357823384175438314750845	0.83413834307476468869355306597687595728757183872266
0.0007527367107110523375321248823489554139054350917903	0.83121854025145358280711185702524827061201140375856
0.0007671630315488602099378255398678016968375667476168	0.82827846567259709628815438163720384610079522670764
0.0007816030020125904195756079513143982345200587621349	0.82531829910209409747686577125617106157258065004956
0.0007960505554905359716340816570772398943098005994035	0.82233822153333012280025726731178288505728756232466
0.0008104995948478050838058973914085589401307087162751	0.81933841517813809628977566738878017499865242407309
0.0008249439963981535496645894678402226783375738752187	0.81631906345568476031535632764719204817466890964965
0.0008393776138858991784203392000687157580559127690953	0.81328035098128349532196040249510451050211925944455
0.0008537942824749958855556322666514850055398058934501	0.8102224635551342108007549940561737933594480943225
0.000868187822742349249150012596935203348240092757218	0.8071455881509909941300485946927068572470827698375
0.0008825520446724619040204253657765663976989639904898	0.80404991290475820828058372019526811172731173603359
0.0008968807516505060073514481583410155415413507786175	0.800935627103015733695516361917307466053398085183
0.0009111677444509311605359389227713357527281685240897	0.79780292117147405392708259690925086571168928814019
0.0009254068252187295958234738946167439619098579095509	0.79465198666335988883927352476707627137083386376048
0.0009395918014404961144974457389511550779039191202535	0.79148301624773308336852018709068932607959396442071
0.0009537164899024381751929895183735976204554807760159	0.78829620369773546397214223450162446919487375734839
0.0009677747206325116542762066370761194667862603030507	0.78509174387877237898685225401735137461238536088487
0.0009817603408238801107323312859949918085801452495397	0.7818698327366276431666487535428585421849148151829
0.0009956672187369198597372956044676934499126718004302	0.7786306672855126106706942268813043833993648632281
0.0010094892475770197642011054224413499748373597520901	0.7753744455960501047269824376384632564434130335991
0.0010232203493454533624962049052006249627092633338899	0.77210136678319393610647557933098703432686554646807
0.001036854478660631732010378516184546895290575823294	0.76881163099408474640466440945148305717741516443944
0.0010503856265470783090821123156867724268988365919748	0.7655054393958429159429025696711302529963857352761
0.0010638078241895017116106842227527818458352944436468	0.76218299416329927987012251430488870601343303601072
0.0010771151466493794048765275493585713236129901473303	0.75884449846666439976638990047150711666412971916924
0.0010903017165415037759583743406131281963965222555652	0.7554901564591371417229338126396548322087504612629
0.0011033617076679827981351036932804147218321148421364	0.75212017326445331549854244642739001221844392294678
0.0011162893486072299328384117106216424318679106138054	0.74873475496437513292928132382900288777189655607284
0.0011290789262555221906280862137031531447532843751134	0.74533410858612224729712007409840582021565063271404
0.0011417247893187513104119953351428620795300273788286	0.74191844208974513884299350981680008288680779640838
0.0011542213517520407724548655334548540946080847352241	0.7384879643554416150408253164249821398576734214163
0.0011665630961449507889947969351848242641348528354404	0.7350428851708171976308633018784786468664785493578
0.0011787445770500444685954117765316076711505442621987	0.73158341521809017174307199891584016644863543759884
0.0011907604242526409775323341806047565566291424300018	0.72810976606124207572406273240089874610031452394412
0.0012026053459796356731674915058582710933147335786664	0.72462215013311441351387744259182014391982114469917
0.0012142741320453228088687402467137875644158626956568	0.72112078072245237460164815422666786871484994666705
0.0012257616569322134549435676970052541164755591654321	0.71760587196089634972149979314813156000620187857901
0.001237062882804899691575488421639458105602545429922	0.71407763880992203353182415258407172181125143519768
0.0012481728624550758531764310102117255397644171168241	0.71053629704772990855200461497074177379610520416583
0.0012590867421758885832411248709737914440186188365516	0.70698206325608490761059555345691193613406533421651
0.0012697997645638496381535034435154081610741691829902	0.70341515480710705498764143645116567097814950024784
0.0012803072712466087000474023167247596496485221064357	0.69983578985001388931104632165776766290206705191171
0.0012906047055349478645693505331023520494064156449789	0.69624418729781547409246601524472073930683511085853
0.0013006876149974249002979972342681317825618587592068	0.69264056681396280456188769372313945865262424898751
0.00131055165395615877302908165430580463643448922132	0.68902514879895042218168395885245120310369634706784
0.0013201925859023182298976281253325070330635392965101	0.68539815437687405089028261813193933962761673271298
0.001329606285829942384571795086803555122266113856728	0.68175980538194407174248630595221228403654177591457
0.0013387887424867911741946480171041100052433445879194	0.67811032434495565517771765970589310019740795991613
0.0013477360605409932095948366523248941962969899534518	0.67444993447971637265887041917528191124374768799875
0.001356444462662328850360544282918070725793302653666	0.67077885966943211188283288434377499281064831463516
0.0013649102915170572431585750744474898631939986347253	0.66709732445305212216894016508942807439601427245676
0.00137313001167526750238487367774588812530120979765	0.66340555401157401898343234852405327465679090049126
0.0013811002114298061238322044101097142193297632250117	0.65970377415430957885627818809644543675599450350336
0.0013888176045259050413664094378008191868133930558586	0.65599221130511215819130369286963967415952132484537
0.001396279031800707400316976594201009268863085878742	0.65227109248856657166128208423602567755837852588289
0.0014034814627319610660619149982448996766341035149507	0.648540645316142268016340611709078428466550384668
0.0014104219968952230487792388745051666482936218440627	0.6448010979723106432165699989375778819271918118149
0.0014170978653289913422701178954060760226631268144377	0.64105267920062733282793794309034572633300860607989
0.0014235064318072540829761148159867954403639312096483	0.63729561828978032759436813229482049133851788360098
0.0014296451940190193718378903039904255752488170015678	0.63353014505960475801801469838730764992660756176939
0.0014355117846544625037339384310694893489635579016197	0.62975648984706519564420801952491712813102829480387
0.001441103972397400654446003893688012785709673975218	0.62597488349220632055714568572571453810388335500168
0.0014464196628238782213215429350050348424960404973385	0.62218555732407280634703193312398449471791740171685
0.0014514568992067189393451904221646645362096592524813	0.61838874314659927550891508577162183068122642974212
0.0014562138632259735379514744466552528627505225128065	0.61458467322447117987782623616616756924285056504594
0.0014606888755852640048836815016093702065609135653618	0.61077358026895746229387996198689677573883505740066
0.0014648803965340974215691997241874861200787069742816	0.60695569742371585722466155299037339655696758235533
0.001468787026296293770299988365472668491024966487855	0.60313125825057168955040319547687684488712784407393
0.0014724075054047430281102724721514808223383033107944	0.59930049671527103214005810178334270403441353736556
0.0014757407149427771974880450217336145979199714905622	0.59546364717320908421333716657366460064994497583103
0.0014787856766925126225727870266517056022194141701	0.591620944355134633795004224535081797131159153886
0.0014815415531905869447335818978298174173504327798439	0.58777262335283146882316671789173200955372513456854
0.0014840076476917833077173280092963948914905950574397	0.58391891960477760267288854231597606719010605364888
0.0014861834040411018751550891778582790936212278640098	0.5800600688817831810001378026215565317129002553345
0.0014880684064549053183330193947862913062956094814336	0.57619630727260793789881789320628952589454991821012
0.0014896623792118306170041517421362090212101632253768	0.57232787116955907039537653670188967792293828024547
0.0014909651862542242389290394678383113839374205033535	0.56845499725407040128121223494076359699646594836498
0.0014919768307009214741798773782596961761656256048569	0.56457792248226370120277648970699937555491499728202
0.0014926974542722533485626727681824428896790904103299	0.56069688407049304179288619374239387883606678316465
0.0014931273366282260785302417820791399463066027589064	0.55681211948087305243430457447273429375746106064512
0.0014932668946208784106269526866267000258333254715618	0.55292386640679195399811970448102849452118529985653
0.0014931166814618813660414287523017790020567458643443	0.54903236275841024359485366726175797102890042846221
0.0014926773858065028407661135777960255173097898703197	0.54513784664814590501558803464625794044534779488679
0.0014919498307551161510321593493583994237445082938302	0.54124055637614702012371585769036138996791583506022
0.0014909349727734869203380006580992331607762641976211	0.53734073041575265698525899295473356574715867786722
0.0014896339005331266381610957511048069896826976049718	0.53343860739894291099706317268616207906699703415232
0.0014880478336730537424148749549332038293459861896172	0.529534426101778975687651650308953606539193731919
0.0014861781214843541504369946281544741686272383331747	0.52562842542983412022514054561914218867658884182882
0.0014840262415189827508194620257559674667876034441675	0.52172084440361645097046356231241598038185089245725
0.0014815937981242954362913187659755011114399533414293	0.51781192214398433466229847975525843445751904494549
0.0014788825209048477732678941862385758181455505200072	0.51390189785755536101262038829534329282974512469454
0.0014758942631130413352914148678893912014961406532158	0.50999101082210972262882462317238434535745180646557
0.0014726309999702420457097676316718739441788371821204	0.50607950037198889025997345265259779151801058966701
0.0014690948269200365514980173441057367024415750756541	0.5021676058834904613910427976546672629827716716529
0.0014652879578153326586858360361566831567338245877616	0.49825556676026006018020711324743425158504933783787
0.0014612127230410481756366701627850859430201967000293	0.49434362241868116665034125592133589422399755721899
0.0014568715675741691103293958797500519880316727837792	0.49043201227326375290718779634843140541078679774197
0.001452267048982993030408017706501097600074257369146	0.48652097572203260396319800425560584683430119413622
0.0014474018353674065003798354521313913142560088132432	0.48261075213191620049807709901638975551877593885667
0.0014422787032420768409615634846460963730240448624618	0.47870158082413704058473326790065686673510595423165
0.001436900535364467994923923150405335082717574031853	0.47479370105960427705284100784750181313032251741206
0.0014312703185096180173277320269538435420598140781353	0.47088735202430954675179000209397733735567342260523
0.0014253911411936416229760278701935782685821825526738	0.46698277281472686751062049408532948757505428948403
0.0014192661913479453091675631846709121864720819108465	0.46308020242321747807487668367489952228911057989607
0.0014128987539461648181130741717196812010804652227533	0.45917987972344049572938516272459658136392655652025
0.0014062922085858551031000666967351683946087051613289	0.45528204345577026569204252566485613909341664838691
0.0013994500270269815098441100826422863296986332290422	0.45138693221272127568704448332837940251928684875305
0.0013923757706892775753690075672137320872066836125392	0.44749478442438150837689044203993099962206618397529
0.0013850730881105496788797987906801185686277292494557	0.44360583834385510355124803186625818058402508785641
0.0013775457123680217518318951730939359127411254926923	0.43972033203271520113767016225977526772023037613682
0.0013697974584648243688857371605013778062508600792935	0.43583850334646783521454492046569096753312250226383
0.0013618322206837418005179299312039485928059856804455	0.43196058992002774827086160677960933653041708506945
0.0013536539699103380162950426209418892468478323253557	0.42808682915320699397074368234152184835987923209455
0.0013452667509275881914608480901266676128629469136802	0.4242174581962171956435944389159751735046336547448
0.0013366746796841459964814376583465894619662057883451	0.42035271393518632663350073933462762569223383774803
0.0013278819405383788491439658493235002952816690046452	0.41649283297769087750463518511943234512074802291498
0.0013188927834803033929745914788058638409154044988523	0.41263805163830427391319261213315362771724496278781
0.0013097115213335517470243319298884802745171936545981	0.40878860592416240772131215157486722974663575720277
0.0013003425269394955649771775796069582586474032249628	0.40494473152054714264490473612273582649545429763471
0.00129079023032564966216512852565352798679615985637	0.40110666377648865439577570853528975862447569449299
0.001281059115860469935102386889439306861019573246203	0.39727463769038746389936528923003762876468295617463
0.0012711537193966515287945547792329215834546066697626	0.39344888789565702074330265180808190180337693086044
0.00126107862540502272307779298104772872368038398606	0.38962964864638769253927320854154499517868522413749
0.0012508384641011178328306269051875608889540400247024	0.38581715380303301436193877836932210647166656493015
0.0012404379085664985717759605461239635770601942799579	0.38201163681811905086434631985938826556833184986732
0.0012298816718668778408871231049637848516703938637526	0.37821333072197772205994690408165461855106471568011
0.001219174504169082796668459502124933645153897562898	0.37442246810850494210757087787131995127854944316741
0.0012083211898588753597096966112743472806634184625493	0.37063928112094441873803019900348810382342406436511
0.0011973265446616280691648250450696004185061081939347	0.36686400143769795922002124808583460145005636895862
0.0011861954127678314047357984080844303508159084846917	0.36309686025816312697927150737541247997841477591055
0.001174932663965385416172964088952084881284046648603	0.35933808828859909115901559151182938048166584233315
0.0011635431907806037542936260356715350346146760546073	0.35558791572802150954251806261329214920732968316128
0.0011520319056298320213171737960209713299019448697745	0.35184657225412728335011349339957900266511343843298
0.0011404037379835547873242989996513630902429865439329	0.34811428700925002047475273977741323764962984344383
0.0011286636315448366903882849861850038959733794849845	0.3443912885863470417319856179580850394048362372753
0.0011168165414439127879913730979359305555510434159495	0.34067780501501876267334401113102380565295820129896
0.0011048674314507117953539274095943609597399550998202	0.33697406374756128144689798189334016322054590027612
0.0010928212712070630718829094663059703857022886502935	0.33328029164505300108603476922096514908718581085393
0.001080683033480304240649059957258226865191271537788	0.32959671496347611246796214548357391393180062703126
0.0010684576914399711890904927226787600711002306847934	0.32592355933987376200778012765984145413674290456662
0.001056150215959215944331687384311187081920638107836	0.32226104977854372594292572714369889577035997229386
0.0010437655729425605867291235160730316495161102111993	0.31860941063726941081711165569125750200674436580367
0.0010313087206815570044000823553702821408096754572388	0.31496886561358899749329863611753600997368552679935
0.0010187846072398829441685518971773794407255241771791	0.3113396377311035437125181568729225672680793107774
0.0010061981678693645258503167375984235101124779773388	0.30772194932582485787026251073971241081382572567153
0.0009935543224583742029982772680497414259641783373688	0.30411602203256395430545385233084184364131828835408
0.0009808579730140111206118977486261120637857327281773	0.30052207677136089798947291138943040850201070262485
0.0009681140011794279858786178711227065128792756352502	0.29694033373395684406515631287931098818908660183332
0.0009553272657876249792321563726683944655546864582753	0.2933710123703090752188500874813176596804958258746
0.0009425026004529869377803359036235864634386437300185	0.28981433137514983737333148706505059236984970714112
0.0009296448112017950897464145873416110727523854148612	0.28627050867458977166648102599133336319175363635795
0.0009167586741428990555816067561191187471275045266471	0.28273976141276673813080400393557994081248894576589
0.0009038489331796887077167235483501672808253393096359	0.27922230593854082391306979146047463496868705158368
0.0008909202977644588456271915299807753289438681481957	0.27571835779223632627226293294292703418541948413529
0.0008779774406962125452627070048065196362916325895452	0.2722281316924314979685275337902732384595399305682
0.0008650249959629015313398638488619729770602563661197	0.26875184152279684000663906692658061499628883434572
0.0008520675566290540469872839614017257299295184338841	0.26528970031898272402555684385918193491895649170808
0.0008391096727696925072666444281414792647684036027886	0.26184192025555712393159350120077444544142352407575
0.0008261558494513947706426940170837615416633307555706	0.25840871263299423365747762271330666712696968412646
0.0008132105447613041949389093969350817847996972710717	0.25499028786471474519386853528274187625886274185352
0.0008002781678848448109662721995349905031170918778753	0.25158685546417855828448734204575284414329628796068
0.0007873630772328489969503776183867829243494033742014	0.24819862403203069040172542433496937984540360437932
0.000774469578618756018983726488247901494657858359628	0.24482580124330115282714063525393744460090969113506
0.0007616019234864907656015790483135489046607278998691	0.2414685938346595558514000593022064395718746050949
0.0007487643071895829965081134634313972714460491074791	0.23812720759172520328171099346747354260067168998635
0.0007359608673220384943852827105313000998627874451626	0.23480184733643343360231824485787450417949677739504
0.0007231956821014247021066930745463276906308111396156	0.23149271691445896227593891507109492103525873600745
0.0007104727688045847926002146927751266754959187600612	0.22820001918269697680174032304776338616883264198483
0.0006977960822563457015975122393946597914584878032265	0.22492395599680273325930747892231935880898458531631
0.0006851695133715375005672840211672641424209699603157	0.22166472819879040016863680654052261753148051531599
0.0006725968877505936436478154033922557538219160109153	0.21842253560469189258415247489161916440477550182044
0.0006600819643289541331310710110678014742926346050175	0.21519757699227643641666540220949261949901462206333
0.0006476284340804465570812709749975084892086225640966	0.21199005008883160004165038711525118991808600362754
0.0006352399187747733033488137273312522417280594055269	0.20880015155900652730574267223571152638740132522063
0.0006229199697891870891543683727917486417964602026494	0.20562807699271810308645957733659958422781569510766
0.0006106720669743913063524478917200376441380763881094	0.20247402089312077959331101590805248732807956037391
0.0005984996175746566103797601248679490166262293360503	0.1993381766646407886221155202437241494813160751885
0.0005864059552021007158104198191162999564756221757992	0.19622073660107546198889012313824346667920251995165
0.0005743943388650345425182131478604314400103297283326	0.1931218918737583793754988997561174757653569011167
0.0005624679520502347218712314216585265444633590215679	0.19004183251979105981665157075827547702410076975369
0.0005506299018589600593522645084568584260890258160056	0.18698074743034191004712335074390820873191260268917
0.0005388832181964878946817342717994555139362847936017	0.1839388243390131399094589174718432905655746371869
0.000527230853014905438034827926843549552631183930072	0.18091624981027635199611943260116821806327932230866
0.000515675679608851125319411336682701494851046427538	0.17791320922797750966617621617462505896167429068794
0.0005042204919638618596269906702911099173112315152213	0.1749298867839119845353420954139100760346782464911
0.00049286800415694372164940975812086478797831821833849	0.17196646546647038148940372639385849245822993187666
0.00048162084980894636965865804325354412085232105538749	0.16902312704935583621496355167882251196388103236258
0.00047048158158828493896488478278148870622891910702681	0.16610005208037347717775101495752963264467447672245
0.00045945267076551781976144357988650187196429202788558	0.16319741987029274090749419822111474094544429440474
0.00044853650681825426784905079713392199599038148324789	0.16031540848178322636927091007474307164462389902941
0.00043773539708583241054571971542652956595117500241194	0.15745419471842477111413721191613188764292581086449
0.00042705156647317587448419342477545269989624112546536	0.15461395411379242880635360858520926450180549997188
0.00041648715720320600601120968257977000259729357133171	0.1517948609206170246203226805635796160180429949961
0.00040604422861715650024001645866332451314291926638186	0.14899708810002196188697917292122685023624945447701
0.00039572475702210822182930748715273381455894398310394	0.14622080731083695024632979406330527134445836552981
0.0003855306355850341082664809212446092214139462732148	0.14346618889898932242955213727287361033119255487157
0.00037546367427261731244362453179583187416879723956833	0.14073340188697360364988752369191889165996054206772
0.00036552559983608018186596731758801039651947381603936	0.13802261396339999442578773600492235402625377886427
0.00035571805584023730176137929227260058417517971338075	0.13533399147262242449161536806657711428454761607302
0.00034604260273596266209493240703240087364685267960084	0.13266769940444683226979400279995986243125343658816
0.00033650071797523905604837600879676442647995816568007	0.13002390138392032118272637089064337505888767377556
0.00032709379616793709049301958918102443013221479700728	0.12740275966120184087204069973005742975665759708262
0.0003178231492794516965322619987107473639644391060627	0.12480443510151503816570774863163629619801519359493
0.00030869000686830577805395207809318515743331931810399	0.12222908717518391938913876268382950028757287045816
0.0002996955163628136347191699911516791712437865492998	0.11967687394775196235329790706794619018772987233528
0.00029084074337588104779820606147092504603938822263078	0.11714795207018531306983671479750514775907331518067
0.00028212667205700442619228611441780910747117531131438	0.11464247676916069893890280310116877764702755446725
0.00027355420548051817787014754381643572548832021331533	0.11216060183743868682813609478723535351525987337697
0.00026512416606912749939892633853926202520125252484978	0.10970247962432291110991445348300195931341185982306
0.00025683729605175306243972718222983373363077031350915	0.1072682610262058933465450867740793801420107700302
0.00024869425795470461878161299166849286073958279765768	0.10485809547720207190814394706845908541569055593155
0.0002406956351251923410754849429793115540430334822625	0.10247213093986865637365704235465642450210263524958
0.00023284193228617775988371290161562181649424507683818	0.10011051389601491810003951254944950238426618909973
0.00022513357612156044258686352855433307174623849085656	0.097773389337600524846136654149605497890594976490533
0.00021757091589069207832529481726469502531239378182119	0.095460900757723523804355401189688131261092525432478
0.0002101542240712063763906188420428090832172650244183	0.093173190141698573822760270142248293840142442032362
0.00020288369702915114287605074503542443262721983111472	0.090910397958226023990697509156399117721092778704075
0.00019575945571540806018496283201555104067367676519464	0.088672663150652432110308682382171359575536508130271
0.00018878154638738604312537711966469999282159696513459	0.086460123128323112882147012525068393666711626209459
0.00018194994135497556944895314568202019073124436561798	0.084272913758027301893309799967597980304508124673782
0.00017526453974975406623447825290039652487484630796433	0.082111169355536517708751322131931572545900779457179
0.00016872516831643625964283472852630082550382022142463	0.079975022677236700528399604197181891251063623710193
0.00016233158222556834624848052938150470994702028805425	0.077864604911854701981981840064022690726651508898189
0.00015608346590647090016316180373405285080303117248597	0.075780045672279696687643619341647151281394545122162
0.00014998043389944257113481451693511694401230186922637	0.073721472987480082197069930935780272117918661598721
0.00014402203172624483322241375911374353604761150806095	0.071689013294516429886396637864878194441074745554737
0.00013820773677789728890876678129411211254481120728296	0.069682791430651045226232834384626536319276262789347
0.00013253695921882329593958638241960306379540277074703	0.067702930625554691673073958659619723208657603405549
0.00012700904290639693905009524652793463732746253093083	0.06574955249361102816573974532490504502699261007186
0.0001216232663249545903332363934429982051925603657537	0.06382277702631930588168448268849054337379269935591
0.0001163788435333474636145855582014667468440467120205	0.061922722584795865506569264141231511500773428133401
0.00011127492512512564218557505674130175305295740934572	0.06004950589237497179384053556263034994877905477457
0.0001063105992004590170599618618357279898623147844268	0.058203242027309517636733173160085043827160275824
0.00010148489234891638513985525257376645320295439889038	0.056384044415572125240650503339342311999464258374047
0.00009679677064224059305502721338500417361189018267864	0.054592024823757167266854910104008643398139189876462
0.00009224514063627504192495270336056562025290776339174	0.052827293352084226016477137788728382114484330838599
0.00008782885038121505908207976136104006919434519173978	0.051089958427503503834741021732428051988951321457137
0.00008354669043937656236408770316928512510927700852816	0.049380126796903692936816658766327511977321212076603
0.00007939739490969405773094082592090841539654823010512	0.04769790352042280778678579678180805277047498275035
0.00007537964245818028785018457863328876513857810224186	0.046043391964862477997893198761281693415577576384696
0.00007149205735360075348529634715434705484208030725508	0.044416693797206194463798842479725676127672633568515
0.00006773321050763782602615860358666960921514637211374	0.042817908978241996075372571298888099692927327876401
0.00006410162051884122281428340996231242162856058967807	0.041247135756290078924365538232257777629650598948596
0.00006059575471968419106465251455553945415464322875323	0.039704470661035804343030907617004921677433770926925
0.00005721403022606780477040650412631644808076659949512	0.038190008497468576476794707651395025202509864815997
0.00005395481498863928521219903474680196549637828702008	0.036703842339927054335190352727677248526550545053889
0.00005081642884531417245739711063699473856478096478194	0.035246063526251157414815985719592107391671750445309
0.000047797144574416465106680079913203381510072174213407	0.033816761652041318038091729932884300031582535421076
0.000044895188947875470857261565714014792272726659624486	0.03241602456502542750498889631549736219576196884931
0.000042108743783943033326905225236013145008336265245963	0.031043938359533917014672697077158942827226619991098
0.0000394359469989199829835499569046348310460121293787	0.029700587371083408084532350684742748084509742275505
0.000036874893657406063797442895289194024376260139646815	0.028386054171069360881539792465558514290791262137456
0.000034423637020613174150181156379091970104754011611506	0.027100419561568142493759145326358215979555970590372
0.000032080189592307492345141964620168221547233350369002	0.02584376257024893071960830405689092974220012163226
0.000029842524161971895531657115588937193596089893080342	0.024616160445395862454585481522333686549190414116305
0.000027708574844805987809050753677707193851384311921029	0.02341768865104082923028218935340814969680775057982
0.000025676238118206990651930287565402078584880447992586	0.022248420862207315936259141996045795604667576951632
0.000023743373854400678682531524454732601351120689227956	0.021108428960265672268815030190586393502519780731885
0.000021907806348917428493361551471942691213348840852908	0.019997783028400200051646429926000382893067054586609
0.000020167325344634250217972425381124468184744510211238	0.018916551347188433329172400438228529266517266715292
0.00001851968705112935366741720379887049389643179244086	0.017864800390292982135307219754004949551557040458543
0.000016962615159121326229904391587207214019238666256998	0.01684259482026630521377152317887689629814603792085
0.00001549380184979033187648363133554052952448867426855	0.015849997484468771883009870255167612955867390414982
0.000014110908798803843443755693074615974648193487613947	0.014887069411100368939005552351469191584571868051626
0.000012811568174894258247379239673677174848809742080204	0.013953869805346405308749318076754854137731126543377
0.000011593383632860284884973817309400165756750699024692	0.013050456045637565581667282197903469691666169006154
0.000010453931300888192217783916172683818589917504885593	0.012176883680024664236888267297205220360761123601681
9.390760762112845957762703128466285647886741487491e-6	0.011333206422668456336200313210459977979714830237316
8.40139603036189062751348717130385064304041449954e-6	0.010519476150444869108857593040635576167063931493146
7.483336520049432157256672452608837835714379307956e-6	0.0097357428996660343550846065632961204066305167604845
6.634058010208106982353039014597888588763044932778e-6	0.0089820548629175271574929042878730124563814633826537
5.851013602670455886304154079820663603355979389252e-6	0.0082584583860122569215328984178096491923638478083012
5.13163467443202444835056398070856300917595415653e-6	0.0075649979650615198723570288671987901300319323609563
4.473331824249557063616810645582229425647399389958e-6	0.0069017162436638198002321754828185123729865782799997
3.8734958135480092221709560678370996224032493083839e-6	0.006268654010212215302631363056985563956442825363109
3.329498501729845076951558781512717811545798656534e-6	0.0056658501953211884998117128100607829188363645585033
2.838693775999187274050908383372151646628555954401e-6	0.0050933418693744048531648887139893090461306102066521
2.3984184758318175777508116214138275890304031289275e-6	0.0045511642401953364417914036530431302213332443728392
2.0059933122397651818766672984597381759207941573365e-6	0.0040393506508437102410017376678652868753423406108227
1.6587237819962413423539726705351381230432518172907e-6	0.0035579325775424049062164043730056762811014721093372
1.3539010770029625265022813895281227270311512393348e-6	0.0031069396277422884291956833550304907671876425924666
1.0888029889974308883894747538134587754934007627849e-6	0.0026863995383375969661932908034208851617653170360202
8.606948098124967368976824244396286113217468349635e-7	0.002296338174053877179190482584451515412878779823542
6.668302274145090678964504627100452336272080437505e-7	0.001936779526048613283788255804950423360319087975984
5.044522179595867602623030223640399270022696655854e-7	0.001607745710801089863129327432787112754968638086259
3.7079393412009346890410077651223769016947202483385e-7	0.001309256969445467612994643529443683772498026860456
2.6307958994551763894910565174434967837804973890672e-7	0.0010413316678764952444129520551339085497724767879529
1.7852534253439769986361381074905963180222149426379e-7	0.00080398629838651068492924128287116701865959281694289
1.14340170809188744206259053479641977248950597657e-7	0.00059723548474546418630977136426847960851951277249456
6.772675171338276777666142471352821952692563268366e-8	0.00042109199611819427422817435586761345178054112262277
3.5882334230860672931909490423655457105243619355375e-8	0.00027556678745527081581660540135789565182153951203853
1.5999611986315941544190257152276115510757819072928e-8	0.00016066913691749064344739726056703310093047232745621
5.267597505339828336810193895339270192192296583778e-9	0.000076407261255682757786793847599409295448739101594841
8.725263221491907157135424206947722709835323575454e-10	0.000022792858012041781845280181690356381107677052260386