5.46548555909608905143403431238474521137302817419e-9	0.99995966117032082274264573313104505150650130349375
3.2990066227431721280099521303475364949870815469598e-8	0.99986477617682539702374770142856809572006901107254
1.0017398119203022549253326673619964935333955249411e-7	0.9997156575407378271089483292972826430300628274878
2.2457197162221956762102841306890180811660914079515e-7	0.99951233294842491940168693242620738893448540719587
4.2366149955198340739396885089633151858738869128443e-7	0.99925482646377071648643759541105663083989907291151
7.148188368925863755786677447007482673319472711789e-7	0.99894316656544496629546414035352095657235342245393
1.1152954836628276076410151505060112294308353589601e-6	0.99857738723400209082878166130055055788235704596285
1.6421947719008013667497589882457365297645723228273e-6	0.99815752819266493889014923816146634186785791260647
2.3124486687578622956238178584115336851550945638924e-6	0.99768363497595456408958526435396454793090656138556
3.142794806495980870989339512778990620632191531468e-6	0.99715575895104469969961340295709535512255023610289
4.1497537689972814853873333334226759452763171464355e-6	0.99657395732305434253618654348672257318209114709657
5.349606664491217574059147121166489335364884837704e-6	0.99593829313382567712898611270719883506052868623011
6.758373013920359122660951560822929258951143303389e-6	0.99524883525757124084753943800563938308787998169377
8.391788983958242893610543986357279879144467201174e-6	0.99450565839473354222087605429724235569939765324493
0.000010265285993221433659421644756128489202701682681033	0.99370884306464073666616705370753617933013972503256
0.000012393969719699323921921783872808307000443415582445	0.99285847559723150653247585612500176751160384139458
0.000014792599536864852875348674014648236110374892186343	0.99195464812398531235303961821291837407937018305919
0.000017475568405329727231436383738085124162633970221292	0.99099745856812975800500428313331442271773106112786
0.000020456883246270380201719707183442788942211483150069	0.98998701063416483081986847559284389146479898275937
0.000023750145822177005328811323887662117910808237990269	0.98892341379672715240908593596528135010988945592279
0.000027368534149768659012390488280406253135232349333866	0.9878067832888083858872616975184521298973421043949
0.000031324784469173745364792091254975224639530725826117	0.98663724008933691785108885683961303544064267911971
0.000035631173792698311669778824736061024434969295169386	0.9854149109101290421617050090676842704630551380449
0.000040299503055695662330235989860844969063192989090181	0.98413992818221417196472181050430703915849326121695
0.000045341080891211055789421845670588851985517811686208	0.98281243004153758974940538865698197215312721956819
0.00005076670804920593714648020808360223103423968397791	0.98143256031404363227637642197668081964225629758967
0.00005658666248026857563512237320751055146904822234073	0.98000046850014183834110622850351806161955923845748
0.00006281068510279345787666967810683469115249061011624	0.97851630975855836940337942722578212842341135694354
0.00006944796627166171065906028575890856196680174545948	0.97698024488957489038185258285281251859946738216186
0.0000765071329654806034632775604336193864760976209136	0.97539244031765703634663423810443231876631088386698
0.00008399623670844325818896111290020268837100378045422	0.97375306807347456922852628215441806325931717511935
0.00009192274224185155103199548886367346514119179402129	0.97206230577531533353861835294661615786078331318695
0.00010029351695930733883703581919187889269991207791874	0.97032033660989514276652658505085758262542451497775
0.00010911482111852111682524462250729982268888018659895	0.96852734931256576290156754306802964458980012939812
0.00011839229884161457906275111550861524335113004597927	0.96668353814692320260667392576560477947846776146685
0.00012813096991470589297351175571031151302772834657706	0.96478910288381856841140201367498908877991857153008
0.00013833522239646542062597082728424831448915671644393	0.96284424877977379612897973970206174810133971555044
0.00014900880604421674637462258161864888555906140825984	0.96084918655480462533248914244893823052002211132144
0.00016015482656503484204509840909179241187100592415108	0.9588041323696532412991450322455909853861954951453
0.00017177574069816166938141294549115824684626244350273	0.95670930780243306774858824009122514508349750070936
0.00018387335213392114735758631108419373360572755583957	0.95456493982468825353087350507348356943312551343788
0.00019644880827317186930253963307969844185133675579615	0.95237126077687045685075127353633388052909174387044
0.00020950259783018891678962739196304723299526320345033	0.95012850834323559141871474414213177570173676876584
0.00022303454928071726157595479278985885503946285258392	0.94783692552616325992714740114229728016969389763286
0.00023704383015579025109896685060138584072106298609	0.94549676061990166133524022961273004181471757617219
0.00025152894718075921198989895690974499279086241610499	0.94310826718374081951329030037581097642293088247245
0.0002664877472578359492806225564251362381427604187528	0.94067170401461704177201248684545177589027624521573
0.00028191741928931052811284371435888687282724170210555	0.93818733511915157662845283552783061580265285919384
0.00029781449683747385101038847069565815642911373916326	0.93565542968512650079196409006410754180491975679482
0.00031417486161614982536131239214327176472815100673266	0.93307626205240092575549529059208722818984378550541
0.00033099374780762697538465000503604537219601843225894	0.93045011168327067451993058832814993320234909096808
0.00034826574719767579523780642066268837445742261254984	0.9277772631322746388382690152492830061031174460796
0.00036598481512024754931156752352311096589084961208115	0.92505800601545108692183063633073028401541180391881
0.00038414427720237416354143686308400911491742802042151	0.92229263497904725078513760869333566851339745507425
0.00040273683689872885386046848174869191327245578797696	0.91948144966768558130466792641246607727456957007077
0.00042175458380426471325951072251835115849543526295985	0.91662475469199011761610078810576088477248123356897
0.0004411890027323251059511322647035703467676983074774	0.91372285959567647566312987135094197120045189290658
0.00046103098354461684237600409113715518398311686383136	0.91077607882210901852765978593024727712116796741752
0.00048127083171845614446116018216153229265943534340277	0.90778473168032882860632059711710896493872863701073
0.0005018982796357397324223560433965917134446722416345	0.90474914231055615874251299370408270447567053841133
0.0005229024985771603097858724796681330358130294136211	0.90166963964917109606795298774649901958045044542065
0.0005442721114042785889820352503840533856148951664565	0.89854655739317622854467864046737752187972349234277
0.0005659952059111840402013353089601558018702832274633	0.8953802339641451600198271123265410797164615954528
0.0005880593488266249712869189846098983946891214161096	0.89217101247166077500359540387408131637140872063919
0.00061045160044666652027589730292604268966989396062	0.88891924067624720934831140185005835191394215932047
0.0006331585298771437810279280596821525826467928149754	0.88562527095179953753631436659638019461442009910877
0.0006561662308644176530149049506245997578106110686462	0.8822894602475152413693977032651516770337984511728
0.0006794603381922141246554182481077469711910546633804	0.87891217004933157848606960646763975939685578765873
0.0007030260446216345290068927201771301304649676719319	0.87549376634087302230813298338356585262127580074088
0.0007268481183507657608252881935059567437684655351429	0.87203461956391299772847938927073778751244835019947
0.0007509109209696963695308459422092476757344705134101	0.86853510457835418909103484284257789616021407972808
0.0007751984258861576417608544079381491453130694901841	0.86499560062173174877507841973037991035105937752461
0.0007996942371964590008427553456452318092950607190467	0.86141649126824378597334731647389053883567163667875
0.0008243816089758749611821599054343904305567582003096	0.85779816438731356604018786148636759622785295792984
0.0008492434649621671064175804968010515981948263531817	0.85414101210168790107632219343231129827589053025244
0.0008742624186054896743039027627253433777456402484582	0.85044543074507626220445067636130610645046170872925
0.0008994207934575318308566471624521190475350995457255	0.84671182081933519326883717337998411906877572852584
0.0009247006438723940420545359573097056059472670659259	0.84294058695120265445622307803590625250373542855952
0.0009500837759913804821021005226787858908877499420328	0.83913213784858697257893798230646820312994306952503
0.0009755517689836144692274449294144030633005332828015	0.83528688625641512247802647189242065757228546299025
0.0010010859965141497468308012074436958502233377079798	0.83140524891204511118875204453655111996331445951758
0.0010266676484110572201545631786958934626234139096025	0.82748764650024728315718383457759185102403059824793
0.001052277752502814644095269428844835040890826013756	0.82353450360775941089898547678080047578540186498881
0.0010778971965972158008204507955850921792475641717639	0.81954624867742048104432601153065960215471522733524
0.0011035067505729459079902997577657169026885702964427	0.81552331396188813071039023220550468699989401624938
0.0011290870885549412983089924909489826112161040681838	0.81146613547694473357970240785574695087504643930556
0.0011546188111446636850155239619595112304704804596419	0.80737515295439717893286725872468900143366869883218
0.0011800824676764723898081351375243555816568456143023	0.8032508097945754301829023772887473261929933099661
0.0012054585784713715119721607231469710878778417343395	0.79909355301843499217966692768684071159000472772401
0.0012307276570595428514786355575546829903687715397241	0.79490383321926845869161588674392101164428116721155
0.0012558702323432490954897786107351259437571814242277	0.79068210451403135302291489192260300699895973119167
0.0012808668706719049083931989084620513323472195625966	0.78642882449428751568158032367299853312178326591852
0.0013056981978013656428020633368811612859008926003325	0.78214445417677933337356053577093983298162592648207
0.0013303449207097738677465728549470792947237304458928	0.77782945795362814335340154185116191211163669986756
0.0013547878492426321886701171178073798169386069218481	0.77348430354217018630925569234011382893890181406655
0.0013790079175601362543852937594745370703536237618428	0.7691094619344335194934649839755169485086895806893
0.0014029862053602036970502149910067880808995609413947	0.7647054073462613397248110724790630087321334389839
0.0014267039588510722676730003756128259225478024404674	0.76027261716608720317986176470941829542453877619347
0.0014501426114478127951855279278169540654404243525404	0.75581157190336766555381042725580153810979564770255
0.001473283804167608945129444263293326813399738396763	0.75132275513667790220101503604125594129931290107353
0.0014961094056991951692426438645693895741488204357111	0.7468066534614759032573765205164519341285798973587
0.0015186015321224157575149414385437613228270152238127	0.74226375643754087349609640631318856096755818442854
0.0015407425662544705221043409459243600316756725444373	0.73769455653609150077063357778195264259499537565089
0.0015625151766000453068575248738503894644202060936682	0.73309954908658979034932015940651047131426879840367
0.0015839023358831871343587704950316649173399545431509	0.72847923222323619524064845546043148240423728631279
0.0016048873391394732419437277315054414399665507644075	0.72383410683116180474232825211519996359715451676544
0.0016254538213477393486179130283442469083627564786187	0.71916467649232338491653433356360937007939242094951
0.0016455857745813740301374298448930673019292492419322	0.71447144743110709549409157740574619134746421777512
0.0016652675646599518196870592554021354586254597402503	0.70975492845964673783753130894414565450470385363473
0.0016844839472827663250045371903298462663738655034751	0.70501563092286241804292971782214431951168966097909
0.0017032200836266349583083792178813305146063424545015	0.70025406864322553802922148292777095752127319802965
0.0017214615553911774845252101664183701900146452082436	0.6954707578652560555473684554134459159609452430315
0.0017391943792756201525237125267572586827555676698684	0.69066621719975798143654063431916099859908068630259
0.0017564050208720443069604380194710083790826816961343	0.68584096756779910915661078781870394568691381880136
0.0017730804079608816880084828723074053079513640486958	0.68099553214444099763214338831424910375859071296625
0.0017892079431953566975405007927576805038835801572487	0.67613043630222525374913671188885494592597919848526
0.0018047755161624873122683971807340898785244160708314	0.67124620755442218544861580448143046284855125681886
0.00181977151480917961238772314546894189359629009461	0.66634337549804792025743652813485955593356373985027
0.0018341848362228846127825744883147868501378028878611	0.66142247175665610728311443698511920105087100046496
0.0018480048967572287684111035610807491889194145206366	0.65648402992291034317301186535208171713446727133895
0.0018612216414939797053443149104635806164334991442719	0.65152858550094348429578858607933213023698657413832
0.0018738255530336649293330054689143563965447608892592	0.64655667584851002844174675591027939696544455722885
0.0018858076596081220084108484189921236224271732181816	0.6415688401189377696557992067083854945460716392887
0.0018971595425092225393913854264234445275253966140097	0.63656561920288494940960354980708932170289091352709
0.0019078733428289776178476302219513110884265677453514	0.63154755566990914618540168072136262397002320582494
0.0019179417675071980704791915001630804621167335711676	0.62651519370985416368088455017570486472398733943596
0.001927358094683846918759886772060435395822911309828	0.62146907907406119524970015901112050417806539529241
0.0019361161783541829747091832523729126570896158165612	0.61640975901641055886391307150900288233639806240334
0.001944210452325751687333693942529930983981756126315	0.61133778223420031282082527616967177330513720964734
0.0019516359334772309402971370910020415086068658728114	0.60625369880886807761524934021107171866473960151634
0.0019583882243200840432557810781151060395884218221132	0.60115806014656240385790840970580833769381155773244
0.001964463514864908275796285191024349967195488968121	0.59605141891857003983960639067774118177589179842909
0.0019698585837952936701437353173096248738588354319706	0.59093432900160546531781352059435541683622795272376
0.0019745707989529219163477437394199199526733530564249	0.58580734541796907033616625870556132035161128339829
0.0019785981171385380266169051900988712200918000611535	0.5806710242755803693770813783654733030885009993902
0.0019819390832343164165210048174383774365110323603324	0.57552592270789265189241033492962480184376503195221
0.001984592828654017092094204271114133686509147425484	0.57037259881369548025617816758484523204218668113168
0.0019865590691281854470485749982395109715542800094719	0.56521161159681145543652321331602135849156564354121
0.0019878381018324895802089695102572877664431349346262	0.56004352090569367919074318519559910718091234865907
0.0019884308018681108818194090747904695504415494197994	0.55486888737293034934783135769601078258950820902112
0.0019883386181039057872267521279411820649345919234776	0.54968827235466293175724044451506182414737613590156
0.0019875635683908379747145834625479318185897318034739	0.54450223786992435875125004847303417379499658253281
0.0019861082341599398480294150987068512071687775928707	0.53931134653990370949187431447430924402345304667769
0.0019839757544157988920036022425488026733042678819476	0.53411616152714383235260412915090578150563116713407
0.0019811698191382774631569079030544165346006000252787	0.52891724647467837352155131546358132356607212596609
0.0019776946621058628620566714616139236964846971703357	0.52371516544511467930712068357176776792138048361393
0.0019735550531547072618961284749212156366512275701138	0.51851048285966904218180859952102229276820498192097
0.0019687562898880534163193994184027276382694672395669	0.51330376343716076241600994544820243972955346563419
0.0019633041888513512649420574064379461868702498006646	0.50809557213297149823397981599080335205852219921021
0.0019572050761889518721267550441626311201686129099491	0.50288647407797637777079564873201383202382335215745
0.0019504657777988178980255948173095780127063756023657	0.4976770345174533457250441369711425435105470999453
0.0019430936090022133860071126286012166373536981327667	0.49246781874997721649005848618911651820679415566058
0.0019350963637458294840783841408453862920517205895679	0.48725939206630490371020554786527274611650784692001
0.0019264823033542662786137424712592680783133714084117	0.4820523196882582936516343056146180364701476884943
0.0019172601448512237381006933796576093596494271082927	0.47684716670761122650303538091718278750314872726143
0.00190743904886815642735550898944015665624275187324	0.47164449802498704573564503305689258117022049534153
0.0018970286071595167969402431740883891370376528506493	0.46644487828877317095761492940598731943609099705804
0.0018860388297440501703766167094577163319952500342948	0.46124887183405914430096597793418811673677943909761
0.0018744801316919107893099774967447517325970281196723	0.45605704262160459428501049105050990167358493130946
0.0018623633195776422343178862034690173288444486741665	0.4508699541768435543140836750585588295086508171067
0.0018496995776193070710771401383263684495219111108263	0.44568816952893156549576403884835562232442038979509
0.0018365004535242595867319640106507815966660725781146	0.44051225114984198531495030453341416000320913454198
0.0018227778440622319421545921917796608731077483709061	0.43534276089351791487605044302719531643141373232588
0.0018085439803865479886952018817956948904068712665374	0.43018025993508614793736677524789488311598100022798
0.0017938114131243904527055587400178163509257282050199	0.42502530871013953481616549972088228265018042448647
0.001778592997257126300270433575293417534373321140222	0.41987846685409414344793655289595070881631444495015
0.001762901876811742033310533936880058774659828217928	0.41474029314162758844742371291427333308317027928679
0.0017467514693844556634786283305165815004281462968319	0.40961134542620488695098953456192456936949789311821
0.0017301554505175554401430310676817619204359097112849	0.40449218057969818732904411678736749734075277740634
0.0017131277379504674016869662760483762607424756833126	0.39938335443210670355329807853350668196393381585593
0.0016956824757659748532968894068726887497999622993298	0.39428542171138317409660642428971360817516602894844
0.0016778340184524033758759284660140105443112667107451	0.38919893598337314974368173234249590518205129666119
0.0016595969149024454137481944224161232351997027540175	0.38412444959187339960992629580018584778034821254923
0.0016409858923691293939059604097241765321782891358083	0.37906251359881570901444098743196266864417210008105
0.0016220158403992402624544628263160104737259028682844	0.37401367772458232664371371531059413334085246881563
0.0016027017947642718944126322075226129458124954129865	0.36897849028845930168679285058351351868334357040886
0.0015830589214087376936256382645157668347847499776212	0.36395749814923393433354864534142410974930493203222
0.0015631025004353845440555554982874366058631244922472	0.35895124664594254521796892033741739591918440635157
0.0015428479101465478358356854840146691501760795499834	0.35396027953877475107178173933943239952871621690724
0.0015223106111605523412643443854470539889338388323556	0.34898513895014041504390485338994593973825726634321
0.0015015061306217060662333274733195396502744183450872	0.34402636530590542085253813520242824261894510509711
0.001480450046522052695461704857863828638154925296198	0.33908449727680240018377088426309452243865921908352
0.0014591579721526437628522015930391758390178161107638	0.33416007172002252254836991548194221471499491619691
0.0014376455407016651205774241823739739281858918929879	0.32925362362099443617230165100509452467471389496762
0.0014159283900163045913876681300988133082242554212137	0.32436568603535642744221732201411617140825745888513
0.0013940221475447798355185049513030470135325266454927	0.31949679003112784497061332190002168009797329981977
0.0013719424154744584401658251363887791833312065213896	0.31464746463108581250299114604406307766598091176194
0.0013497047560814970638827981070015632217036615296681	0.30981823675535323267768829426084919311871490195801
0.0013273246773069041809908449371208316741194462707825	0.30500963116420406108499736303276241168482557922121
0.0013048176185733926332336999373314961657557873904582	0.30022217040109180717283334905335754789301001108742
0.0012821989368568348869923795532089199205130174628633	0.29545637473590719532885274365447967472219062018551
0.0012594838930255667104615468337947917691363773537377	0.29071276210847089595105170089217766408630798085636
0.0012366876384602050367625781588215897016636234233267	0.28599184807226721251809672116497384863604256470047
0.0012138252019660541889403134597954846717741326767296	0.28129414573842458660470005339440499999401085559339
0.0011909114769895725444084131829958762091015800637977	0.27662016571994875847404375775455213909182054402553
0.0011679612091497602511962495176223181949759360666658	0.27197041607621439633641153259574788140713617196668
0.0011449889840947089240313261798470062197685441109563	0.26734540225772098260862375805271607960084073984823
0.0011220092156929274967111996993955986245923153662071	0.26274562705111872056034846463706661033412403269154
0.0010990361345684257422726015626024629184624099002407	0.2581715905245101996085327782747506874474673923194
0.0010760837769878995480290458609999202743884566621691	0.25362378997303353223756283481039604471011613806809
0.0010531659741077210004211156759027202941595513030485	0.24910271986473265009760228035838641373298986903434
0.001030296341587792842484149237668834709068320360214	0.24460887178672042128390156769024531566852189217043
0.0010074882695786820561157782712433780054196862814765	0.24014273439164022514240937444433143465855578315276
0.0009847549130878023255945533217377709612148658675919	0.23570479334443159519806545019370707802111751080055
0.0009621091827297710811958215309112391826042552314991	0.23129553126940551497757424852288391005994110802751
0.00093956373586542481341289024993746977247734162704	0.22691542769763492561359955966494129438823149976735
0.0009171309681333374863420785545066406353595614109848	0.22256495901466597818694820706486989013237288527518
0.0008948230053770522444417135518159229352451573815764	0.21824459840855553780153904640660115962791623634986
0.0008726516959706072635769428850136503099424952387045	0.21395481581824042040717019789821823200271335568408
0.0008506286035443135888886368671634110687758665089997	0.20969607788224381739989150263187484587415657640065
0.0008287650001121271511057924512363082907313192143748	0.20546884788772433705087423982083609133645661107885
0.0008070718596013498589206822476120077272596524867482	0.20127358571987306585280716012443041523438121957219
0.0007855598517847967026898061295641108242661472400718	0.19711074781166402693776655070608790838359538003498
0.0007642393366149781223781334249524144477948840608032	0.19298078709396338682082697462703379004916783059734
0.0007431203589592704107723604110501677697150802993334	0.18888415294600273586682559457776490077518166894737
0.0007222126437344825325637522108818926502892504583865	0.18482129114622174206982112890097125413225092872376
0.0007015255914386763010784156443363352531536450571336	0.18079264382348545198069931490447777931548068120304
0.0006810682740775591950875890353766853710630627795074	0.17679864940868148692143637239790007296368423710588
0.0006608494314822460125582065983465130371797353863921	0.17283974258670235698659127263079008745441256816915
0.0006408774680146778058689775297668629481026296963498	0.16891635424881808975391275595289943380737156291306
0.000621160449656494847370544833115143584975176180876	0.16502891144544434510510110805580674003445993583983
0.0006017061014766854215365822354662929079059313007582	0.16117783733931116209159126281999471596204790304196
0.0005825218054728746785000992440303549465622488662094	0.1573635511590374583637325636476427755638536516365
0.0005636145987806782225340025130902675294904153162293	0.1535864681531163773080457146857064300600021705794
0.0005449911722451241170421931418639480109678775377505	0.1498469995443165526974893697865997099821969455306
0.0005266578693477450930793805913753113997238808910947	0.14614555248450433534298899346520030560096784576005
0.0005086206854825604379627940481671438789657668159295	0.14248253000989200092790134833352209910098651739556
0.00049088526757380475862069202822272849580956092424385	0.13885833099671693289549640011320472831508274239075
0.000473456914027918962609652755904337730963046241425	0.13527335011735674892562622898080733196224463139961
0.00045634057501199773663022838154181142529474481338374	0.13172797779688531416096926111055517617626960181643
0.00043954085305058784261416116086055300828696629111643	0.12822260017007455890376124567903940478809832033879
0.00042306200393245296578849580951485129182499549215593	0.12475759903884699297661634002362653835940396392222
0.00040690793791866386405198758250736337244941715667963	0.12133335183018378329943467471016169407360746098509
0.00039108222124313736564684222147781371513470816918022	0.11795023155449323544967209396484976209227818831981
0.00037558807789653448013075436563461689587322268462256	0.11460860676444449401424584558472490197911326493376
0.00036042839168423661925452512921609219890825359487047	0.11130884151427125037455032905831551569521807393025
0.00034560570854894971837419756082686972644793937276529	0.10805129531955022015560836034704327793875622724678
0.00033112223914833891013583044924038919678677953803948	0.10483632311745912587812501628898160514747100337314
0.00031697986167797129110381313220769974732966239733077	0.10166427522751889333770966606408956683489136502572
0.00030318012492974115591432209299937850005667532728773	0.098535497312824742856130874080388883126415194540656
0.0002897242515758707264158868525836169343465056713188	0.095450330341770828760351731743304108441298872704621
0.00027661314166851970643936137986345482632797242046042	0.09240911055027305219935972204094370429305127355303
0.00026384737634499873556863818135893361043247299491204	0.089412169404494643657564026195870527121474936259848
0.00025142722172856474538589896583192145290832977429466	0.086459833564079082216009897692450990971520125007681
0.00023935263301478004627543269964810094100566198864779	0.083552424845894888696322993839366321110372515449563
0.00022762325873344135924050831568376634203208038518379	0.08069026018829679924300303050968420838611469644313
0.00021623844517612958357046371931258317953605103524279	0.077873651615907794601846562476468942548975415787108
0.00020519724097949544779441044711575903278288077517503	0.075102906204926428279047414048949455789294741832316
0.00019449840185447988135264580077888942053847415365464	0.072378326048963863859014146137697241802763526725227
0.0001841403954517704850500430892046762796050503079421	0.069700208225414997960476707413559829524583669624815
0.00017412140635391635208938085367000365844115810417532	0.067068844762368010560836726930200597851377827804737
0.0001644393411846621472156525109143832306135975865447	0.064484522606056648658567740637226788251458577102264
0.00015509183382621820584910392896289468764647945374813	0.061947523588859512413601380677468056706254253676236
0.00014607625073535585371134097617944296681162801104731	0.059458124397850574947480002281960791918368417112951
0.00013738969634940552646588527021918747082890174482981	0.05701659654390512784120132779704602670597855634041
0.00012902901857343891630205358096519567653329334360131	0.054623206331365303983485709996044036585987263380021
0.00012099081434013458957379589299768416309212789537759	0.052278214828269287742552996263149169261901026616501
0.00011327143523405858287532337884095516120510796747048	0.049981877837148279410763998967934085283010001705991
0.00010586699317233664711945402291146503439921235309544	0.047734445866395236458664657360659709294277869495229
0.000098773366133952301251562397239820084951372083483	0.045536164102209368294211051627900906052175355776101
0.00009198620393017388995969644443951914959321314522675	0.043387272381120313923464889131830835889014606706805
0.00008550093400889360541796859665068900157290306531199	0.041288005163095883130657351603846390740245986935006
0.00007931276728595110725735226065599885882582709150719	0.039238591505237191532040832040808625919239779710793
0.0000734167039968131181322149418068555163424254745452	0.037239255036064968121752654851290961652366065550744
0.00006780753956228733177080846468629171535353951082856	0.035290213930400760756161262013457671135729122109798
0.00006247987046226328219226985492403475322329540724159	0.033391680884846710486432398593561669829804011578713
0.00005742810011179361319714110114669760970796077027901	0.031543863093867509863425006120386500461795886504891
0.00005264644473415557491704448803670717250511605522494	0.029746962226478103483213394408808685613854677918682
0.000048128939225863671887095234034560162999603519599869	0.02800117440354063138139487026265830986793282762318
0.000043869443008939303508580252330088810697848830950285	0.026306690175674057808431946409291901358030263469925
0.000039861645866081079472260267721612737951817139570328	0.024663694501779869989930076008256307162327362772617
0.000036099073754719365998749094394281123812277773573016	0.023072366728187174510345534517564022779737362236255
0.000032575094596279631480139350188643751855016548856103	0.021532880568420464139582844061231825909030977484652
0.000029282924037320423564809207287005090227623485989427	0.020045404083593276977164956848987124697722103964194
0.000026215631179552440480033956545891919581070333621116	0.018610099663430925262385605926242866574704838105097
0.000023366144276084281109273181792643559408618655991922	0.017227124007925436876744749262497498222030443920338
0.000020727256391577203634391140523759542478609671967271	0.015896628109625834148729373856389028778982307355208
0.000018291631024324734744466828417080107782898224573782	0.014618757236566880766458844392681343352585766206658
0.000016051807688602406331860960966314934513775030262864	0.013393650915839471906280384909912059648059777612187
0.000014000207455957424330839001496949816393309951266389	0.01222144291780594636472786602785571365880959538721
0.000012129138454426880986092655757106121733804750147914	0.011102261240963796671221293873020163089669728012368
0.000010430801324985411164518568244360730692239239041025	0.010036228097461599727817549890287184970831299417306
8.897294634828188576513372083175867169698575220629e-6	0.0090234598992715798985451933941374910178651241844728
7.520620247392103378038561747228561963909458558614e-6	0.0080640672450242086100707649207202975958820136176866
6.292688649306126063922282266179079890391410060677e-6	0.0071581549075119204421978338320027069470142331260468
5.205324234740536513397159149926827498790710672904e-6	0.006305821821871893329471927135630931613589514205884
4.250270547893202169324218839364614292074258916477e-6	0.0055071610744628474486055387585863953732078664207463
3.4191954846087785835014104146766754322262240374453e-6	0.0047622598924597947179273836970185289455843142263768
2.7036964543729722453494863123744507325270368745166e-6	0.004071199634207299707045590929054592247453544733888
2.0953055041583008256700175667445532519346249508383e-6	0.0034340557804038325240974172085779011056019959196687
1.5854944058196611670091475752056409870700928087688e-6	0.0028508979262543312703132513506293463070068569895478
1.1656797089472365327765893706764434721893677292534e-6	0.0023217897748653534809510877703568714553359568619076
8.272277612811571477588429796729719099425613658565e-7	0.0018467891324683411634442852613163711637803636562326
5.614596989788169171659940692830996746245496382484e-7	0.0014259479068178734712758521157892360973479574902025
3.5965640920931227752244989731633718905328906437444e-7	0.0010593121121572181438480694340258193703661518450877
2.1306346775914594018639164676824467456337325217873e-7	0.00074692189032125237743114472875668835579096074750314
1.1289605469811434982933764047891375844031337711473e-7	0.00048881157926383846590809902452313694708049646162013
5.034385238177794816131246353317134054188286541506e-8	0.00028500995418190921601081347717563439013626143796192
1.6575937452233464904960211605863894902358162528193e-8	0.00013554131698093394066190068864586701738448393622908
2.7457575893428918667594844850550419714945068644814e-9	0.00004043355227007478283380798560043126498225211025566