0.0003636471826157752847949350996486003856853878150203	0.99985827352140624777362304592592363999916989174539
0.0008456481144839000327868470123255851302802597317602	0.99925340222009582575531315733162488990173150032253
0.001326320512221229359753072502141206637735075049042	0.9981658065918730667502626567328362005073529802322
0.001803851393929113160894675881980569013839667044327	0.99659629697626920856410685620564317238043231510996
0.0022770417221250127666719865839632842364062399965621	0.99454636213679848005234674966737125924895020547851
0.0027447476726980224711697465890246472910628273419682	0.99201797817150278153642293972715216046008982949865
0.0032058498609609852811500829802525048814751334294441	0.98901358876729168937466331914274964328995462552631
0.0036592521021230936306776869759766200077823033698046	0.98553609951128054070756829311527335779918584121642
0.0041038839249460718516122447290564729595690332080012	0.98158887419601017202354007108656258735666318274753
0.00453870375243685835231089697377097298267558015452	0.97717573127115991604505064936359399059918037395436
0.0049627021736872312929196830433925361758027258955484	0.97230094003503501328143134600415707966280980497962
0.005374905158939949885779524992434516473540108531869	0.96696921645428754217791614774906163023314670486065
0.005774377166413025270200244440202441379933983480318	0.96118571857760205603010722164095664391506074020916
0.006160224116121517786954629586313530606026690319228	0.95495604153331887303697355803660372005236743848399
0.00653159621476927739023752094691133607223332983772	0.9482862121098020931053395970894389625148585359928
0.006887690619310947046825669758103762193338487928212	0.94118268292106875051614356317152451773527279287569
0.007227753928555730965096631815016559394910937104713	0.93365232616200618322307587509836384372025675362875
0.007551084493328317730916291912138048343512346660161	0.92570242695854601025014808554343273290207748104047
0.007857034536614567008350965795171715933639130572797	0.91734067631886728807292619843873761229875308191185
0.008145012075949497671893719894114187232577088211223	0.9085751636922466238656234895300922789943031409198
0.00841448264111220932683133428111157455291680219359	0.89941436914263739921103949902125388124007385978039
0.008664970781000775162207842215533510409999904537587	0.88986715514447990415157687931161186104542573359908
0.008896061354379238969564649979743218476381361286073	0.87994275800863650371675097386485794102177215906009
0.009107400600021469826833509309079131568637795479249	0.86965077894671962884497607791460885840807002551307
0.009298696982622560133964021201352795686076687383445	0.85900117478243981310535570992155073272816687814961
0.00946972181170598765656699346160889481104168950539	0.84800424831894844086042917921586029772470959165223
0.009620309631621425560162208250034995178219591894637	0.83667063837148645751735721272515449257381354907203
0.009750358381600994028912877120319267649478203508099	0.82501130947497653656050851447743631437796078022265
0.00985982932571779850903753275418157183195331771854	0.81303754127651228469328494094213351139243882010135
0.009948746753466567875977648017696324785910188117744	0.8007609176230039918107149407577789080630689451641
0.010017197452558805438854621979818691805277760957674	0.7881933153545360871765237492659867176438083805952
0.010065329956390789455459641590222760843610980864522	0.77534689281427667840447749426991909897006940481356
0.010093353569498706063010558130999559227200321723258	0.76223407808605412486364103348431303348197237151778
0.010101537175157891143091669283907233010463485103656	0.74886755697097931521856213830243517072423742881205
0.010090207830109367610280315273454877471405492111941	0.7352602607147449571664598599904490609028046416309
0.010059749152203419342734176551300116098491246641685	0.72142535349747452328943605985137058301140966426798
0.010010599507533744273419498421880462184848588040274	0.70737621969822331152737090285483316207307411545355
0.009943250004393765299284810814303078443807109524475	0.6931264509464521598723946866493665191151343269581
0.009858242302116035664622754401558339146039652328038	0.6786898329730004985369806394275161527644164964586
0.009756166243553552787979482283149319903647705581197	0.66408033227327943456449230176299824087769815946285
0.009637657320625510112479088727872004221584842582924	0.6493120825955872594487961866513642593456566830091
0.009503393982977021512143401570877283466747896094011	0.63439937126761897654684888651420055521733253046775
0.009354094800390240148836525222103980255868376952729	0.61935662537439800003192552488373050916520872464305
0.009190515490130807907424762881867854614863855718138	0.60419839780100193072110682798449111195757009925494
0.009013445820916617257464067883505951006138401288782	0.58893935315358512822956370541870955003736623453461
0.008823706405653517494614354979028253376204213364748	0.57359425357231854773406084837845866287921626631764
0.008622145395493100441900439747862097376715790698224	0.55817794444997187980547704254490082310844369565611
0.008409635088129487993537327864755260297789833631063	0.54270534006995432254942432499580720602524571457272
0.00818706846356373509467011335760622572780527229154	0.52719140917770823868084549935627120638315704765384
0.007955355660824870509837191031074728738471575660299	0.51165116049941443102091246043423586448173768601177
0.007715420409344736167458962567534738218645141555851	0.49609962822201874606546524228326112972362857309646
0.007468196428838868396098583445020088146816877433143	0.48055185744862713758610957979788176616669503456538
0.007214623811647110725644234496129868735280444603079	0.46502288964334015462922865889613069574491439073906
0.006955645401535085392173039793363762460024392000935	0.44952774807960803784906855116492188774442368434744
0.006692203182950915507119791781146064699730915502009	0.43408142330618420508687775648576841211185886398318
0.006425234694670727861964787573930786984173013137825	0.41869885864473788490778222269335959856515592917143
0.006155669481651732760354532882880416396272962263844	0.40339493573315603203495854001566829749786886168231
0.005884425598743535704833552394072853636147585479856	0.38818446012852046105890490617247610382220503107692
0.005612406179687456390569961654457743020087679139583	0.37308214698368840738954543415562519603782502557063
0.005340496084560887408479824628018772536141795724555	0.35810260681133352323201835089814330462316833186305
0.00506955863850019302885859366170826918599934897572	0.34326033134921971056674834982009022065531471042494
0.0048004324741625985004364918649109362128420333373937	0.32856967954038226491054727142298942376322502659177
0.0045339284899664149815389104379934492874117982901021	0.31404486364177964823314499781126299406887186721603
0.0042708269356814328123095932215595481470044195300359	0.29969993547485493495014740081119253295257721021646
0.0040118746364292240066931325947649047504634104330005	0.28554877283130870244802667446808330852476546793847
0.0037577823655984235422757831081963331129283063667307	0.27160506604723500100839774948709596338956906331918
0.0035092223765849727370859921963380919826580124061062	0.25788230475860918400332957737006098320926473512284
0.0032668261026341273448610527008814031727438120643263	0.24439376485094096738293414932959204273529224740532
0.0030311820333922257360324078382303791012961673441165	0.23115249561571829022304608671055274523900681399604
0.002802833776074384000073579182157054567261061304762	0.21817130712606755094630474390144142271402134402924
0.0025822783084221678257764981146413150922546950435773	0.20546275784384379561162078766872805504389171292229
0.0023699644298657353002239522912245724633745152907731	0.19303914247014064805572484064838793170894812163335
0.0021662914165209058746664179116041883802899345519065	0.18091248005097442400261462796725882528449129627757
0.00197160788484613863450471042220369369050021651529	0.16909450234965020589254076984539597468967434092339
0.0017862108679606302220744511965980621374538180716198	0.15759664249705993370343705182979308314978039874671
0.0016103451077858722836696570143971395480758731150294	0.14643002393089407279764489916344199719068017381822
0.001444202565322301175815753728227324989048709901639	0.13560544963446946371081349632325130382722878975994
0.0012879221505134353096344472555466300241225389964828	0.1251333916855868886556828443810894585112888775787
0.0011415896722854669794616096938716394892063113754716	0.11502398112553310577767131162736177320268125115474
0.0010052380084840145283892899497403637011817307313664	0.10528699815803408418620955534827102068179491849993
0.000878847494565012631111914391780976744477471690903	0.095931862687649523703483088784234591031875466178469
0.0007623465290368823417228002399405516631366983976062	0.086967625206774268870159878184259429431173343195227
0.0006556123927995180137882604331281184343278297808519	0.078402958040081075853373765367789253831534996801029
0.0005584722786855626190012428136386917209627631405846	0.070246146954903112902416704033533196767269056785687
0.00047070452668417866695396777938494032440261142416518	0.062505083145716404812355840409715899699257594806112
0.00039204005952026350860297756712665971402319410358715	0.055187255600547031825422585845295914637805574076393
0.00032216401247593998162482731194187717558190058413472	0.048299743856804045846808378976035834406918285296261
0.00026071755057922895842628108951979224192510134198425	0.04184921115374342382502187642509598020723431342251
0.00020729986555003907023061519929111910820652924886146	0.035841897988534062498457479062398452976690009523832
0.00016147034418884706499018688351179473889637046604847	0.030283616082793075244514476800320963191089562941463
0.00012275089922143518269907277459970396699504303426315	0.025179742766637268549876490856182664188836850829149
0.00009062845297643213516758683503042550709570729884286	0.020535215788118851854752128331902134321276528813216
0.00006455756367370789207195235964729272207709819276282	0.016354528558276792792083901850106057122401610246706
0.000043963183543415139592604040967766316565976080733394	0.012641725848400209431314115843091947453915256736872
0.000028243537480446403578292458069509684937326497235663	0.0094003999738881157529725484020697508073308723670945
0.000016773110471621182127641360002264100484117503911454	0.0066336875536482005918444795056379451407623239942546
8.905731625108437536955132325593956202007088178423e-6	0.0043442671268192952713591295454352270484336077893981
3.9777423411461658930120911240644550702305675393384e-6	0.0025343587436800170019528858374604536707476883731221
1.3112364108886921225616739156353825971262449164304e-6	0.0012057315468209007547101498342535479675649171553225
2.1736580846793097717586395436867297309836099054819e-7	0.00035977379123036452261714384184934196131171732821139