4.2357476309525172330713795937355482717541737482012e-7	0.99964477849639874898898002711803599125939840081473
2.5520036840742320001189800601936566225173082538269e-6	0.99880951939641609446756194791622245195976154129665
7.726634232395144543095351249147189407565884356707e-6	0.9974976797340012280316144219095726065297677196618
0.000017253155529498540634645890713207404889531875010323	0.99571060978514372409569304075172641756966699161181
0.000032385404114378646627856092895729406270274459020205	0.99345002854307802442935075221030606574711606753592
0.0000543103727836687861374274113492790767007188700326	0.99071809291831084185398178469016510209892595739066
0.00008413400781593802662388169710668173294377999113307	0.98751740530740879520049789714578194316808243571063
0.00012286794415988755195824871818653823812956985596845	0.983851013289999856789164186285090759686207210577
0.00017141732886352452279078414643846523856263246252063	0.97972240739379211330935560646245662063856618128308
0.00023056987080331242314758506215972246221117048355094	0.9751355180301784429684565415688945126976938846418
0.00030098623993539685808460822289454028849476937701889	0.97009471187846314299221278811610453593837363523772
0.00038319192284926452480490046877534045235421268537562	0.96460478780632189468423885125063971891855915394319
0.00047757062368190269736972609452703618636002586655159	0.95867097236021541005532740957676351187039825926172
0.0005843592806984306185722402167459050740771510282739	0.95229891484189123067478920505753875263862921898491
0.0007036447493112222419791077972313714311786669855615	0.94549468198080074653557980217425647044818690089109
0.0008353621822476542999338168735866441545309336909251	0.9382647522099021678518327384032221625672863718564
0.0009792951172457122683219854661378628712335440471753	0.93061600955148659773256101050011024211792004572113
0.0011350772623177569865774585115195680655139504514718	0.92255573711946428571845120734763100707093996499231
0.0013021959485354744953945817517611646232965255593278	0.91409161024462791329959991098305866983104125918912
0.0014799972007083053941913831650228274154773452526154	0.90523168922961850243172243586874731323472131915392
0.0016676923575001901230183429468002536362487629918517	0.89598441174058885820336455492441691544337293984935
0.0018643661546904928257485145965168163703475723402636	0.88635858484285662899333755527035797374016586444288
0.0020689861686550762907048008987135446647037660661044	0.8763633766881476211293083520693292272180134634295
0.0022804135019257565043813837467593558921957830913974	0.86600830786134123477299372495412961216041414132668
0.0024974145790636414891606788707386319814069508381003	0.85530324239493895318371582793144660338261786634155
0.0027186739092144821335927755376998376726140716280439	0.84425837845978087458909201370324129556886236745378
0.002942807661737881872496201746942081732321938617886	0.83288423874083254666282348966829760239147318192999
0.0031683778933265237055626750870918646503285276152927	0.8211916605071536572301647145717639777996965582308
0.003393907259138422860101640784480232574740605947627	0.8091917853854405932348228776656691555225511285856
0.0036178940367080925910354885995844368354845800277236	0.79689604884680583914724843460298072789648806488329
0.0038388272898059567700894443054316051433341033897322	0.78431616941671809821142951159252139622817317659381
0.004055201999974850666449264299478202248951760808445	0.77146413761827740966208299199500678463794419756203
0.0042655339961547915012996464098217502209546442010781	0.75835220465923897317964608836726389555696666003039
0.0044683745175511408212650068905190829348856593128445	0.74499287087342748071286691784747771597969348971294
0.0046623242516186959445120760271649483192870554432344	0.73139887392740012046199257424080307938018752275324
0.0048460466976115987747915066652540878759740786756063	0.71758317680342070124097475779158034658540527732923
0.005018280716449111608785644825519112524246376314262	0.70355895556999920604366169135920357822165048034801
0.005177852139511713878735606729636639434045491769372	0.68933958695143019449548125598392543087790090941377
0.005323684322233041923693923571737426057684711988493	0.67493863570792952304845007530449490939406775949668
0.005454807542797012741433006638198521416549835092367	0.66036984183812154359190973232335573123040710775399
0.005570367161678680492942090655580760852297191609978	0.64564710761576799817494665702171116437168022129351
0.005669630473964210504786155106910452524962732276157	0.63078448447275499328474566099468144166056380198562
0.005751992203124828097530048341167398123297378921069	0.6157961597404654794189774039586910426191836094037
0.005816978601972726678206124936888787921966654545035	0.60069644326176137668908779543491567677564948729663
0.005864250143663992956941609694920859768455848173244	0.58549975388588170412186207783624727104871970205956
0.00589360280260743343744144617489731786662937860966	0.57022060585863065693735407626926590691020308571557
0.005904967941767257146349007739866719504466410080134	0.55487359512028244485295710119076991322801047034688
0.005898410838899115723194073502083111407140657908956	0.53947338552366781960288999582016382004778287533848
0.005874127899531887548814955929965053400452390464021	0.52403469498493060509644351525718535063968302032659
0.005832442618815007935989096868486134019468029764108	0.50857228157945129080867613199348351987234509191882
0.005773800367523063590573372875467472051684739226133	0.49310092959542902743590294638127259837013174726396
0.005698762089394719885365408267705864178148460918215	0.47763543555759343048384891411383168499789437309129
0.005607997007451608753522746610018003231643070088943	0.46219059423348380756472701026909811004018051025336
0.005502274445886741313751304785979576167679289012829	0.44678118463468624364899328009827126406500829858005
0.005382454881447088731761465330958605877337831805783	0.43142195602535899144290862529741518410907390345352
0.005249480343901404069403314469246766087752504812019	0.41612761395030454042195977357673488368707209827537
0.005104364289147256370390237467205737908471994960553	0.40091280629476344114170447512411133497851447839539
0.0049481810707607455931086803680028958873945260381259	0.38579210938801145969146415159152785062635132374841
0.0047820551363433285265586711609063375013260979796923	0.37078001416273911376200018122583091345038129002976
0.0046071500739115736140300500754834074703144836089319	0.35589091238208245271658925439703806268561877086858
0.0044246576308695454957800650869532438372807499589207	0.34113908294605762352409449791876785773639627430163
0.0042357868238837507606229147593601604245234477676547	0.32653867828903102731237419396484846391595242852517
0.0040417532523511589610088253749491388427882103777547	0.31210371087973361142961004295201997184409150159474
0.0038437687212339885708938915925730631414903405283767	0.29784803983520412521331290167598499175891403848071
0.0036430312709690300803287657643415960007570387433039	0.2837853576599242194310615415640269973207042665774
0.0034407157030962750693688920723017130821477550851085	0.26992917712129045417922641778223843658138599262294
0.0032379646803546757433012666477657213350403895804928	0.25629281827245707366797217546981480327180844138406
0.003035880469433564775704493547278339180240083154934	0.2428893956334813583170629815424565080250366158508
0.0028355173835238717055020207221581389950407547936845	0.22973180554161305078084949910376067730157766463014
0.0026378749704638560358500355282321296730128352897655	0.21683271368149331685325869794741141745436465094707
0.0024438919807996985473528758014790134060761895192392	0.20420454280596938738813009352823751426923043899408
0.002254441138659190343090223395594767969504397853449	0.19185946065819069450300306221883677767652771819696
0.0020703247271386280232832972910301962151321615863403	0.17980936810563295302533673124471819166673726818142
0.0018922709890924096002764619407298437076512540142556	0.16806588749669986242392818356062767048693908540372
0.0017209313339446855502355111781278728734430960077472	0.15664035125057905157895828091047733086363424500572
0.0015568783315528731168204890781020959487735123697592	0.14554379069108010382898595085344468176055108556245
0.0014006044653691583955531190850335665525303020694939	0.13478692513525782578487274433803556451471642418255
0.0012525216092769507216575947570721642007655334107741	0.12438015124772239616740498366512853803788808036399
0.0011129611856151990576631503566843711047563165638989	0.11433353267165778748904758922679143303385845996251
0.0009821749561158672046558034160313310802817777331638	0.10465678994770806481876081262970886496436838583919
0.0008603363928199423528222327846472614426764037019357	0.095359290732044008487903297569758799816651716533877
0.0007475425725357704720332694762466206601954918882253	0.086450040325085194827349710677779254379007980362925
0.0006438165360701554687059040529565218608932063992602	0.077937672522519578742402287236696156648399264249008
0.0005491100522868140572410537337580068070584747515924	0.069830440800427580936980976382557495533857298424531
0.00046330672699764511168576940458266633136896162398994	0.062136209846474524033471947686140409937455355603018
0.00038622539771980166044603231988886729299237837695307	0.054862447449278888239766358733481799858018207991102
0.00031762375736759918076703779161297006504234363309535	0.048016216758192302947334102201798992184948878006091
0.00025720215290805973353717467017314416722409794727858	0.041604168925845784204178119773576060482864045503529
0.00020460750879265352426144763888452901845285546928999	0.035632536145946931081798357027010617329353614002239
0.00015943732947287094739118022143792158044341279371179	0.030107125099012073541009298472209152565274338191495
0.0001212437403901705238398100338984016842952106660149	0.0250333108191267129810563265870952432862674792337
0.00008953753236971447813607109937961133896538880455032	0.020416030995793096193473607627685002602306679080741
0.00006379218020433781787899385260811149908788991508399	0.016259780727332066598241739316142339566995337574664
0.000043447812249387264450023588029191042412307899288544	0.012568607748595614651827870728326656554696909120861
0.000027915113919123817167520288324277209839010929790492	0.0093461081732903629601555475284729652454110156542433
0.000016579153943645977334840379708757886665666748278472	0.0065954228452095838325957387880181296324606011490542
8.803127986473808288245487935221768070048719871584e-6	0.004319234584051594675471101757097851804095849269844
3.9320196641272434170190272959497256056017329835453e-6	0.0025197674413225807519160915223130186279445901676989
1.29618444594650612922118746209538920842674111182e-6	0.0011987939523118235636596439269249926115649650390765
2.1487236934278658320696922111319798866633474497323e-7	0.00035770452355509848853989175211714836953814681037204